1.0 8.881784197001256E-16 
4.166173902717639E-17 1.0000000000000004 
1.0 8.881784197001256E-16 
4.166173902717639E-17 1.0000000000000004 
0.8957129765626243 0.1977468543708855 
0.36259649402502364 0.8685237825214609 
0.7200085135111667 0.4815877404736947 
0.3300459849949052 0.891069647789011 
0.1400629018896435 0.9803823835311909 
0.8593709996854213 0.2614814848997542 
0.7177354702514304 0.484855794744104 
0.5244185360031852 0.7249851990963211 
0.5547894540837254 0.6922086616376214 
0.6277782545979025 0.6058944630685106 
0.9147877002012144 0.16316347098315 
0.5570164856515071 0.689732634721359 
0.14432211062280947 0.9791711283898661 
0.6650651558735313 0.5576883384431007 
0.6395800689522283 0.5909373354405284 
0.22954934280463563 0.9473070992180417 
0.6667505580804244 0.5554436932995177 
0.6261786764012809 0.6079002652210508 
0.2710893131216414 0.9265105844292125 
0.21122898218320257 0.9553823170859331 
0.46732015548951394 0.7816118722735558 
0.8032260972267792 0.3548278367456626 
0.5310872806662618 0.7179463003145691 
0.1474657553912169 0.9782538511590523 
0.656248266695183 0.5693382124596486 
0.9666384519758608 0.06561010529782849 
0.8457551229212024 0.28469827205257114 
0.898671437812308 0.1923896468604017 
0.9402397667800554 0.11594918096667045 
0.8970897679102269 0.19522994831094675 
0.4307229744294603 0.8144777193820313 
0.19102190683732373 0.9635106311085431 
0.8778886921183567 0.22931144425079922 
0.7636117008826175 0.4168971702758426 
0.9274699119312461 0.13979956246278244 
0.8943588006703873 0.2003273330951426 
0.2741910311253795 0.9248201121973638 
0.985038119814168 0.029700075875379234 
0.8345619960259489 0.303506274789326 
0.8440988720173955 0.2874982213330468 
0.42954562178737865 0.8154905588034151 
0.43273899141777067 0.8127369653068013 
0.020180172525205542 0.9995927606371866 
0.3458355113418564 0.8803979148886291 
0.5664813092237178 0.6790989263002694 
0.6764482894431334 0.5424177117097468 
0.9201655165547838 0.1532954221434839 
0.29745824405173577 0.911518593227292 
0.784099500976108 0.38518797256905385 
0.9383031968152284 0.11958711084941064 
0.8794570529881397 0.2265552919495649 
0.7963347176606703 0.3658510174483476 
0.7272753511957691 0.47107056354324084 
0.4811294276191325 0.7688353794330669 
0.34373949586075947 0.8818431589855027 
0.5223816969640165 0.7271173626770628 
0.06010155714319022 0.9963878028289995 
0.965448678504933 0.06790884917310944 
0.17320834460157086 0.969998869366735 
0.670324896007017 0.5506645337932314 
0.5294303918782176 0.7197034601565201 
0.4136026940658657 0.8289328114614979 
0.31878709932825916 0.8983747853019554 
0.4859561537006575 0.7641609901627048 
0.8544455901622273 0.26992273345254963 
0.5604395414963529 0.685907520327444 
0.4380221799968791 0.8081365698309283 
0.9555783252564627 0.08687006750659866 
0.9963443100106386 0.007298015909504144 
0.6844997511755222 0.5314600906407375 
0.08755702721418224 0.9923337669859342 
0.35623312910726423 0.8730979577264805 
0.7101034675238814 0.49575306541081315 
0.11060729161499588 0.9877660270416672 
0.7597697577691731 0.42274992921194987 
0.8606722724050504 0.2592432395143548 
0.785603764247831 0.38297325448916364 
0.45704300076981796 0.7911116954473977 
0.09730965185695495 0.9905308316558974 
0.9518778967056212 0.09392846976335548 
0.19365372504968584 0.9624982347760271 
0.24207585730804218 0.9413993515465412 
0.5193376322547494 0.7302884237243619 
0.04492263120206641 0.9979819572060107 
0.6595938489852594 0.5649359543810466 
0.33682694499665194 0.8865476091260485 
0.4489400249581315 0.7984528540100487 
0.4276568891966398 0.8171095851226713 
0.6430931996372925 0.586431136580674 
0.6119575545911814 0.6255079513788646 
0.5432146043797905 0.7049178935888984 
0.9372314009940962 0.12159730100101868 
0.8241098668565431 0.3208429273553 
0.7259359873293686 0.4730169423002247 
0.8880891706885996 0.21129762490576887 
0.2932483749365298 0.9140053905976203 
0.9074803827460461 0.1764793549314582 
0.5817907848023245 0.6615194827191196 
0.10278032853587082 0.9894362040660759 
0.6863207486850481 0.5289638299244679 
0.9915673797685407 0.016794131379194565 
0.8888534853288614 0.20993948161890838 
0.44310888418853234 0.8036546434398923 
0.5618253525028202 0.6843522732854412 
0.2019903052410472 0.9591999165887317 
0.8556195300480129 0.267915219800644 
0.8230439045461484 0.3225987311895631 
0.7071275248359019 0.4999706636194978 
0.6417366892154939 0.5881740217580179 
0.21483719351656227 0.953844980428522 
0.6409346244355059 0.589202807199979 
0.3749481818307415 0.8594138609421611 
0.631008676562947 0.6018280501024414 
0.31028043918406245 0.9037260490598061 
0.7391090968090008 0.45385310391308664 
0.17000464704357515 0.9710984199836088 
0.9577780957023119 0.0826611193930903 
0.1600721454909775 0.9743769082380238 
0.4118028786587 0.8304183891285828 
0.014239942659456328 0.9997972240332145 
0.9109890946671593 0.17009886939757782 
0.880032724812169 0.22554240325973868 
0.39871276320662763 0.8410281324561742 
0.7583297015844446 0.4249360638676689 
0.5681827097760526 0.6771684083116397 
0.660902860464385 0.5632074090307543 
0.9161689147082772 0.16063451972241505 
0.6134535773945312 0.6236747083819579 
0.25707457968650693 0.9345117541447019 
0.46092000650720305 0.7875527476028905 
0.8057432854647495 0.350777757928585 
0.2681597506004967 0.9280903481591376 
0.10600962887692439 0.9887619585854128 
0.455398480520475 0.7926122239397057 
0.5092645857101081 0.740649581741534 
0.2586708856652701 0.9330893730040904 
0.17991614749281598 0.9676301798714354 
0.9706038170647062 0.057928230299529176 
0.4501282522925444 0.797384556893002 
0.8669108193220401 0.24846678410487197 
0.5388108239153491 0.7096828960317053 
0.8389165510166512 0.2962190204305939 
0.24747902340452632 0.9387541329763255 
0.37907784512146536 0.8562999873381527 
0.14986781771035407 0.9775396386760538 
0.029072309118274166 0.9991548008425674 
0.917890663858036 0.15747672920236214 
0.7400378294607307 0.45234401096729376 
0.9424223945678659 0.11184003021704682 
0.9341876182723784 0.12729349579602703 
0.9049607395790906 0.18104605982056748 
0.04800630627402008 0.997695394557982 
0.8816650263137629 0.22266678137528792 
0.23167012018053812 0.9463289554156076 
0.2960594013755678 0.9123660569941728 
0.276226076660231 0.923699419583198 
0.3923360020122505 0.8460724616647977 
0.7623876891649695 0.4187650114098401 
0.550773749592131 0.6966482767603126 
0.6717454915703289 0.5487579945550266 
0.9329068629345127 0.1296847850897544 
0.7647218309741417 0.4152005212383013 
0.999447829613713 0.00110403588052326 
0.3066312832198609 0.9059772561512179 
0.01739879688054602 0.9996972818672277 
0.6322079264888039 0.6003131376870335 
0.35336542763555934 0.8751328745520055 
0.7748404359771868 0.3996222987748825 
0.9689862706910592 0.06106560723334462 
0.2946186474767999 0.91319985255902 
0.7150649718759172 0.488682085998034 
0.8190466176886128 0.32916296879446144 
0.45459270888092396 0.7933454690324406 
0.8681590662550803 0.24629983567932123 
0.47935724561065873 0.7702166310805975 
0.3349568082784341 0.8878039365879784 
0.8261896866845325 0.3174106016175184 
0.9283910477105158 0.13809006253108183 
0.44154643173289676 0.8050367486241056 
0.8978521832176316 0.1938614570913687 
0.7139925319030634 0.49021466438683936 
0.3078583138973804 0.9052232585643588 
0.6365140130851339 0.5948499111468659 
0.6111593840098316 0.6264842073368134 
0.11354909918889206 0.9871066020734209 
0.943329896089263 0.11044604011338514 
0.7565926975471698 0.42756806595834984 
0.6814806260267608 0.535584156350365 
0.21681166120924822 0.9529927035661516 
0.3658040031066015 0.8661874313112404 
0.9675422418400077 0.06386201025550682 
0.2396292253612905 0.9425778343528195 
0.9023220869192985 0.18581485145769996 
0.7952725591623617 0.3675415566435208 
0.13330432623063254 0.9822299566099433 
0.5377623095671051 0.7108116984091669 
0.5367059716233837 0.7119467000239111 
0.18799775315623238 0.9646568448487498 
0.4581636679864458 0.7900860533404547 
0.6677772965017453 0.5540734822776007 
0.8479203935189411 0.2810310062547097 
0.3658040031066015 0.8661874313112404 
0.08990351167951399 0.9919173585877117 
0.12280453862501084 0.9849190452931911 
0.6054261933015707 0.633459124464524 
0.9015517318723754 0.18720661133175145 
0.6487002168957684 0.579188028599419 
0.15255444154941436 0.9767271440245229 
0.3865763372641575 0.8505587354677221 
0.2374993011763985 0.9435940819415375 
0.24562199083857328 0.9396698376166225 
0.9224939874227202 0.14900484316895116 
0.7769792671832824 0.39630321836863364 
0.8306872492038606 0.309958694010178 
0.38496919834667553 0.8517987163244531 
0.11957906649778677 0.9857008485671893 
0.5768126939578861 0.667287116089233 
0.4467706302931509 0.8003960039904335 
0.2897893601135418 0.9160221267652012 
0.3890913927820525 0.8486078880636728 
0.9681316735848566 0.06272106260268662 
0.3775099703524769 0.8574862222844964 
0.9583629573618095 0.08154044195834992 
0.5132274506754999 0.7365975838735913 
0.05680614243982329 0.9967730621811776 
0.751347829469815 0.43547643915104745 
0.07259138235893743 0.9947304912074554 
0.6191272774811876 0.6166814142787718 
0.8471276642550438 0.28237472045520995 
0.18621384114891062 0.965324405364644 
0.8169179382298201 0.33264509832635375 
0.225629906892028 0.9490911451159731 
0.18938221033941716 0.9641343784070131 
0.5899041438993935 0.6520131038601422 
0.9355886842553407 0.12467381389343164 
0.9497640468465852 0.0979482553176858 
0.5997008396171227 0.6403589029625896 
0.7306968716520068 0.46608208175919336 
0.6352123354952568 0.5965052888347713 
0.47118840578027904 0.7779814862582801 
0.7291319482601952 0.4683666020264549 
0.26257440972676277 0.9310893040138033 
0.8410166226710437 0.2926910403910596 
0.17608841077071585 0.9689928923833425 
0.4474144452908962 0.7998203361025931 
0.9716392069618482 0.05592031162008107 
0.6204310365647288 0.6150653288687785 
0.2243024171643441 0.9496884256543189 
0.4215937260851198 0.8222587301258849 
0.5726869263928116 0.6720296843457165 
0.7807403239361841 0.39044454658152583 
0.2227980288031024 0.9503610383690769 
0.7531715939753298 0.43273255002869854 
0.3011496562280648 0.9093088926542416 
0.3324738507652671 0.8894611385917146 
0.7158236741030513 0.48759646759433234 
0.5121055136505024 0.7377479428915639 
0.7485024335428405 0.43974410698080524 
0.4967800545368339 0.7532095774145073 
0.4165792402692224 0.8264617365776397 
0.1451043500143817 0.978944727606975 
0.7797944574454297 0.391920604137527 
0.6630132007577438 0.560413495621156 
0.8575569490856474 0.2646316972077859 
0.46916891746258893 0.7798805269689164 
0.4659446326416913 0.7828955993125248 
0.8018521857774251 0.3570330721640347 
0.08481246167725964 0.992806846344569 
0.9416061946066029 0.11337777427855911 
0.6923075049330245 0.5207103186142386 
0.9175387475455217 0.1581226467526365 
0.9482697938734311 0.10078439802755974 
0.40862622179155117 0.8330246108659787 
0.9548492704089744 0.08826287079961874 
0.3488970693654791 0.8782708349882483 
0.9000248739259904 0.1899552263145819 
0.6694046671742142 0.5518973915654662 
0.2886774407645656 0.9166653351937819 
0.9605214122897636 0.07739861653294376 
0.7208233764416732 0.4804136599752749 
0.9531460511626029 0.09151260515326444 
0.1577411952280937 0.9751177153281316 
0.872987335563539 0.23789311194571366 
0.747264975713944 0.44159505607135835 
0.9513404653490108 0.09495131899378428 
0.37385194114644676 0.8602348123748811 
0.4944635442213747 0.7555058034361336 
0.6513426764906357 0.5757527178256653 
0.309364591301872 0.9042935496486841 
0.5977089272983583 0.6427440382278824 
0.43599891154341797 0.8099049492152874 
0.6914833573239368 0.5218507665449508 
0.20462785995740707 0.95812743892927 
0.8536127267795777 0.2713453126801355 
0.2504884848163361 0.9372555569916904 
0.3223288530422139 0.8961041104966279 
0.623881684066717 0.6107716443215803 
0.44418069118334835 0.802703524616871 
0.1740954875025114 0.9696907612316981 
0.9907396044506339 0.018435036173114087 
0.3123722252964853 0.902423592863994 
0.9164843734264618 0.1600995499973921 
0.22147470567423255 0.9509489547546534 
0.7408965264222351 0.4510723371357805 
0.06547863440922236 0.9957125484509557 
0.8837190854302776 0.21904057806060928 
0.35127316639050643 0.8766071625749665 
0.2060487356425047 0.9575439185401875 
0.9086300978903157 0.17462707642334535 
0.791302611104596 0.3738401776590914 
0.36781794172067034 0.865005805590674 
0.5257246960996061 0.7236135439117113 
0.71324536539587 0.4912810487420733 
0.6686157956367607 0.5529529178251493 
0.9056748139780928 0.17975754237729424 
0.8639042576574008 0.25366943360153993 
0.5069417523418029 0.7430100597327245 
0.9762619235489803 0.047552903078876926 
0.3696395435591419 0.8633666078374559 
0.8870286163207912 0.21318040032354982 
0.2995927389751276 0.9102441907538856 
0.35007443777573555 0.877448000111852 
0.6050767921266791 0.6338820756298029 
0.6999701353327679 0.5100418096486147 
0.7216394753316454 0.479236467643469 
0.3911097635122909 0.8470331528885833 
0.1774810769214087 0.9685004673348557 
0.608129452533362 0.630178568961617 
0.9951823235321287 0.009612142929767193 
0.9191585239686014 0.15514760781604262 
0.5759093310755868 0.668328442381149 
0.8290932632145501 0.3131417442787259 
0.3398842105464471 0.884478723421477 
0.7115418161866697 0.4937082438177944 
0.4874781977299081 0.7623650067380415 
0.6070399856244497 0.6315105705647055 
0.5733725534510372 0.671243914949059 
0.7995885684353183 0.36108684878507735 
0.6779856305673082 0.5403354847443771 
0.7813921101378356 0.3894263702144568 
0.6149673053399436 0.6218152133629915 
0.20327466029629873 0.9586794124815274 
0.846363010008407 0.283669655289579 
0.4246007999351308 0.8197141606945052 
0.022869536934053525 0.9994769844661581 
0.6790152867628154 0.5389382403424567 
0.5399824635616206 0.7084189390459641 
0.7671686784216925 0.411452218850052 
0.1291620431050582 0.9833171666209778 
0.9213988425364815 0.15102417297250137 
0.7861668938687508 0.3819416149873407 
0.7778587589318319 0.39493575115312374 
0.42546533837432543 0.8189792458420472 
0.3050906770842871 0.9069196787563024 
0.5538806950323716 0.6932161756705089 
0.027201790054126762 0.9992600626180681 
0.5969895595702335 0.643603465929693 
0.6906654733244595 0.5229812039575534 
0.5744204605555154 0.6700411344953511 
0.8273428917747256 0.31613740114044414 
0.8855443109171159 0.2158114396527187 
0.683551982360998 0.5332181315291813 
0.6803165141548313 0.5371694699479101 
0.9756220144843144 0.048620923006785104 
0.04092768576897804 0.9983249245376541 
0.48218965864517044 0.7674931331069972 
0.5530510149364698 0.6941345748777804 
0.768286084457285 0.4097364924461384 
0.7661210404847444 0.41305855133363806 
0.06485441106224206 0.9957939053660054 
0.4622302510901676 0.7863432037720893 
0.7888148048376468 0.3777712036697311 
0.5950850786372577 0.6458737491834013 
0.08187838204715892 0.9932959305535599 
0.8178701077238175 0.33108848689662845 
0.7124244656306142 0.49245138077109285 
0.7425947874538489 0.448552981646557 
0.8621234285209771 0.2567431939952601 
0.3902197632916583 0.8477285363366304 
0.7543253218913362 0.4309933093249243 
0.9640786848759957 0.0705524054992955 
0.68870977158659 0.5256788505212129 
0.7496826172895266 0.4379759733339692 
0.693174828695491 0.5195086568630258 
0.36143899136855706 0.8693622390290141 
0.7920912064148343 0.3725915207210896 
0.7451256420407879 0.44478777757361365 
0.4038984125080997 0.8368660723735913 
0.20733559155050307 0.9570119524767682 
0.053217605169300686 0.997167886500101 
0.11808573693410909 0.9860557587328803 
0.4719990815487448 0.77721686701856 
0.06984185958588679 0.9951221146496307 
0.9263345362802746 0.14190432689740426 
0.4398442193771569 0.8065370626805501 
0.7653812608109986 0.41419152559958455 
0.9621436131444208 0.07427966768560448 
0.09935974130370145 0.9901276418084602 
0.22011658329244968 0.9515486897597155 
0.06825799555810269 0.9953408460424299 
0.7742323009735451 0.40056434928678863 
0.5778883407297971 0.6660450656486242 
0.9088372782759322 0.17401480161606625 
0.8282274792639015 0.31403924259222615 
0.81627901153267 0.3336885753314343 
0.7948948544349549 0.36878331147483173 
0.993417413907155 0.013121841746103752 
0.5886588170831786 0.6534807970705722 
0.9212027387844234 0.15138551405617967 
0.6381236799486699 0.5927981690895439 
0.8155818041065641 0.33482632081385244 
0.06226597374883602 0.9961229489798425 
0.1510066907879805 0.9771969793382103 
0.632978528202959 0.5993381828470583 
0.9444297522928068 0.10809082773891225 
0.24869920252101843 0.9381487066654587 
0.7610557195074887 0.4207941918080524 
0.31639146929406425 0.8998964381579777 
0.65773579563577 0.5673836231394843 
0.4530723367018157 0.7947254577158044 
0.9955991104782074 0.00878241121503178 
0.6037159529961578 0.6355270480980956 
0.7939151725901005 0.36969869873127514 
0.9857824939635755 0.028232874595098573 
0.8249598467776748 0.31944125120593614 
0.9300203175562715 0.13506220896159843 
0.42301115826589625 0.8210615599841123 
0.30237507534119407 0.90856931381253 
0.9439479634350795 0.10896224232694554 
0.22729528198428683 0.948336854787756 
0.6571277403541682 0.5681831342753281 
0.46987232297413584 0.7792200001030414 
0.8377456407651266 0.29818224137906424 
0.8324392343661678 0.30704492108795073 
0.9391936540506529 0.11791528019109149 
0.8935939830685871 0.20148979345727017 
0.5003350951655887 0.7496647926635712 
0.054697316722422784 0.9970082035436441 
0.9893022721939344 0.021320933161417387 
0.3841643547892363 0.8524177485094666 
0.8846019642269362 0.21782483015351478 
0.9040528704030873 0.18268840927945165 
0.8516578022820012 0.27467898781232675 
0.7759784483568924 0.39785744768574416 
0.47471542077927614 0.7746452692743918 
0.5343107083319089 0.7145120669624658 
0.9475463963611199 0.10215723014821049 
0.43887486013191035 0.8073888571442899 
0.4058691796319881 0.8352702090250482 
0.8645866558754057 0.2524899144822467 
0.8487429669850446 0.27963541029941164 
0.4030641316825608 0.8375393057510314 
0.7686038929963129 0.4092480556713877 
0.9114962091233723 0.16917466834357314 
0.9973953662426002 0.005202483398321467 
0.3280227785366147 0.8924010569727092 
0.8506498201873107 0.2763948834154192 
0.8222440575378359 0.3239147099381415 
0.8403000935775524 0.2938957527336502 
0.7042576794891986 0.5044916003219706 
0.9307262104882449 0.13374872339827412 
0.5324296640003332 0.7165186528925755 
0.3830274449323088 0.853289976428979 
0.6140911855596902 0.6228920158180157 
0.28061241502924206 0.9212566725315122 
0.6502938628668351 0.5771178919177902 
0.7552774897037785 0.42955591354678974 
0.1640227179368297 0.9730965480006426 
0.8080356503885805 0.3470783877012949 
0.7618273221448071 0.41961913123370664 
0.5795985895487725 0.6640654749931202 
0.11649601094713047 0.9864286794334911 
0.28209932432640994 0.9204205670581054 
0.5413031280904562 0.707026732620767 
0.6526995322790242 0.5739833206115255 
0.7167418336322267 0.48628114392157196 
0.3726961383970427 0.8610975884252138 
0.6021208433381012 0.6374504900178942 
0.8904787500870471 0.20704759564348718 
0.10919252049399752 0.9880769934682142 
0.465224498305988 0.7835661661763308 
0.3952215796242565 0.8438001663103555 
0.7704174318928485 0.406456980917518 
0.5839194671061712 0.6590380559348696 
0.4736164998146796 0.775687411103427 
0.038722445356852236 0.9985005722256058 
0.6290999542014365 0.6042332476238823 
0.8830947331139631 0.22014369239721782 
0.011193504155733836 0.9998747054647487 
0.47634467512181833 0.7730957504843377 
0.5873848602406633 0.6549790259601055 
0.0368114852017018 0.9986449145580574 
0.33417621339641196 0.8883262584002103 
0.77236547341905 0.4034517247095022 
0.7415931910078533 0.45003953905090666 
0.41937510181228543 0.8241245239815491 
0.13663868236319665 0.981329870482555 
0.16189406357196623 0.9737903121876373 
0.015871797343476213 0.9997480860491287 
0.6475043775936813 0.5807380809970821 
0.7025467239626395 0.5064281006505358 
0.9634359490720236 0.07179117203579229 
0.7282127575465223 0.46970617974656464 
0.7604442586381638 0.4217245295049397 
0.7896476573784498 0.37645657719686837 
0.983837650754853 0.032063603199340304 
0.9007817314721394 0.18859346441380928 
0.8006517502380149 0.35895677484220767 
0.987259689613248 0.025318305264813483 
0.7577773741692326 0.4257734511972654 
0.9566999051312437 0.08472569123929273 
0.43501402959448937 0.8107627941382881 
0.08534511793595145 0.9927162108447173 
0.929020482683999 0.1369231589158587 
0.6938068254397709 0.5186320889833601 
0.4407594814509901 0.8057310795115852 
0.5750742512982211 0.6692896054938315 
0.6018038346859228 0.6378321445573971 
0.40943512855732533 0.8323628976764926 
0.960100019907676 0.07820795177417657 
0.5454372612189047 0.7024981940741492 
0.8001651299171273 0.35973576486481235 
0.9820769968496943 0.03552477225986281 
0.793304613060101 0.37066779089764845 
0.34710282670236525 0.8795197419991431 
0.8296348859144019 0.3117059560739582 
0.9566999051312437 0.08472569123929273 
0.7906142939221168 0.3749290382461023 
0.21902306591639792 0.9520288965966466 
0.35504682870374515 0.8739417494519993 
0.30330329731836436 0.9080071098359058 
0.3232884532923648 0.8954845759679269 
0.475373598114054 0.7740199422167354 
0.2179017153013811 0.9525188424689474 
0.6975856777670756 0.5133742221744555 
0.25974868237439686 0.9325306220050231 
0.9696471244248477 0.05978445409611589 
0.009101962082589364 0.9999171542864652 
0.5714190522394001 0.6734813255488383 
0.994345023766048 0.011277973711905379 
0.8690512515683293 0.244749922147626 
0.6249789401421866 0.6094013243949238 
0.5356577737958569 0.7130707493726899 
0.5699884274206293 0.6751131926066638 
0.5018132965210409 0.7481834154627154 
0.9614635913088261 0.07558776258773085 
0.47301186819281016 0.7762597725489233 
0.18161815714325025 0.9670148449963079 
0.7436710065518007 0.4469534340142816 
0.7926923242648626 0.3716646241082313 
0.9231100672062407 0.14845000194081248 
0.819971294145995 0.3276470767800494 
0.8381264329691728 0.29779971326256427 
0.5592820236643574 0.6872036180060017 
0.9097947829516264 0.17227345291416404 
0.252409366028578 0.9362895119413361 
0.6519971467842386 0.5748997205853839 
0.8702694782768177 0.24263103518221907 
0.7974297290015991 0.3641058273064224 
0.49808198514909385 0.7519143360767366 
0.8429871511505279 0.28937266299540226 
0.5855300227953233 0.6571545924053356 
0.1543025543321708 0.9761907217265818 
0.1849425576335409 0.9657962503759863 
0.8182851667831229 0.3304093858260043 
0.7791547206076053 0.3929179213550248 
0.9592293580816857 0.07987903859427332 
0.5496042170420029 0.6979352046097413 
0.33814811209881684 0.8856558542840899 
0.8418951756962483 0.29121251313951263 
0.255535676933367 0.9347015178142428 
0.7869740487432136 0.38067293020671117 
0.48956311057272883 0.7603279607665127 
0.05148817435330408 0.9973489679018224 
0.6544622303543295 0.5716791890423949 
0.5161578715673085 0.7335810516191641 
0.8217657076232441 0.3247011217745827 
0.9767515476402496 0.045956414184652 
0.5470376975650704 0.7007497574427528 
0.40002870876405205 0.8399770321646807 
0.26607053070104225 0.9292064726937277 
0.10787317485073378 0.9883633781476807 
0.6799369874693705 0.537685693091706 
0.49352225299890684 0.7564357857949627 
0.48282015975857795 0.7668846933375875 
0.7351826296445163 0.4595065010705734 
0.32062832583449974 0.8971974767066769 
0.7238576291718113 0.4760301326898379 
0.27994040699158257 0.9216333685335475 
0.8862754233199188 0.21451587629734542 
0.6033191253610997 0.6360060329738345 
0.34771744668427257 0.8790925772719885 
0.5104906446736517 0.7393993017007179 
0.7223684225024427 0.4781838621731778 
0.8898804214672762 0.2081128354901484 
0.8744465709654383 0.23534319452686928 
0.8069490793307862 0.34883318336728814 
0.10185270801352089 0.9896261822946858 
0.645799088051265 0.582943537872287 
0.42078822957505263 0.8229372658527887 
0.6733613923855395 0.5465844352449047 
0.24460111701476156 0.9401702935555872 
0.7228829566271799 0.4774402313006863 
0.2858613848259438 0.9182832686654177 
0.7093405398467513 0.4968359985304044 
0.8329867565828056 0.30613306335773677 
0.3878318811097831 0.8495864319949574 
0.007911756597874964 0.9999374041075617 
0.9394989028030435 0.11734181163201628 
0.272468585966407 0.9257608696615574 
0.3766552776862867 0.858130801791115 
0.79873387271407 0.3620242005793914 
0.9312011873144718 0.1328643487510633 
0.033281669950779795 0.9988923304453223 
0.10026108345900672 0.989947715147964 
0.38174306879326136 0.8542722294320723 
0.29143093254293295 0.9150680115571912 
0.8275668100588107 0.31513317489513704 
0.701975508529487 0.5072303854248902 
0.19777483025604287 0.9614440720466152 
0.31475108009660346 0.9009317575782808 
0.7696282479701924 0.4076723602305319 
0.8069490793307862 0.34883318336728814 
0.8849588768999537 0.21684778619606482 
0.6337515335539873 0.5983589937180469 
0.906312976093713 0.17859678936424503 
0.12806546047699752 0.9835992378343716 
0.7488944773256867 0.4391570618319533 
0.1268133445007618 0.9839183756571008 
0.6895125582744612 0.5245724324319126 
0.4154955198657633 0.8273634729715202 
0.42346744997598457 0.8206753188108943 
0.9097947829516264 0.17227345291416404 
0.9799080224499779 0.03978026753912239 
0.13100819599905528 0.9828368525813692 
0.9317749658348846 0.13179541304350756 
0.397371668442035 0.8420957571196225 
0.7823933440525481 0.3878606551836368 
0.708855683631935 0.49752361978304716 
0.26075711350209596 0.9320057277581378 
0.9123281346501608 0.16765737472580972 
0.9985089940209934 0.002983062989738114 
0.983837650754853 0.032063603199340304 
0.9898262514458074 0.020243991948820348 
0.7013061300471273 0.5081697119584156 
0.9980722088265732 0.003851865968103164 
0.5960395544667438 0.6447368495111353 
0.551745618222869 0.6955767727719254 
0.5210031999565033 0.7285556656351407 
0.8042254051034906 0.3532214977862526 
0.7538468367888412 0.43171494666413857 
0.877314775026033 0.23031878826263907 
0.4181692524806022 0.8251403581146248 
0.3043557808503937 0.9073675667779282 
0.8118282405630846 0.3409349080583915 
0.32426099498015154 0.894854807135057 
0.3172986386561602 0.8993215739070491 
0.6987583629262523 0.5117367502406582 
0.7052423291136081 0.5026332572265956 
0.8566001073797623 0.2662362560370178 
0.9295162510300454 0.13599953907111856 
0.92359623742195 0.14696999022157764 
0.91921001596908 0.15505295135809125 
0.7059496585850646 0.501635079554044 
0.4594558712973116 0.789168116064301 
0.6987583629262523 0.5117367502406582 
0.3805601036289618 0.8551740075259611 
0.3684403045652859 0.8642517421887969 
0.7047381792397229 0.5033440987223019 
0.8210788593676858 0.32582950670433597 
0.5051420616290829 0.7448314975732575 
0.1153644440074485 0.9866910450589288 
0.5217115622829013 0.7278170457803607 
0.9138653309258619 0.16489320122554013 
0.9700641271221199 0.05897558927088856 
0.1562165017401519 0.9755964045841403 
0.9794378899689313 0.0407014196932524 
0.8300893552498153 0.3109516623009902 
0.3265554058038823 0.8933618402444451 
0.9789619734869714 0.041636543440280116 
0.6824582492078863 0.5342507380881647 
0.3706186961073717 0.8626417820957245 
0.6469204233555351 0.5814939658455914 
0.8361789375893051 0.3008047843320621 
0.8336648103955665 0.3052528861245718 
0.9924082884191929 0.015125789077114432 
0.5351841827200252 0.7135778905665363 
0.4103859033338517 0.8315834103450268 
0.5335288227057504 0.71534699534238 
0.8747809208259525 0.23475834055910724 
0.7522164266759835 0.4341704474388699 
0.836744290990318 0.2998589914953196 
0.9941257910695959 0.011713911530349091 
0.21337080024654037 0.9544729016026162 
0.5909071042540325 0.6508287941423199 
0.134483647949181 0.9819141484343326 
0.8102098665643682 0.3435599721218458 
0.8530986206730531 0.2724811642001436 
0.8655565141725852 0.2508119207737518 
0.8126780520806899 0.3395543836664907 
0.6544622303543295 0.5716791890423949 
0.6639818799714765 0.5591280630696035 
0.43377625470430387 0.8118381609371549 
0.9719998400811899 0.0552163109821787 
0.3209157148704772 0.8970133149233721 
0.5521520470576545 0.6951281169301307 
0.6899457553802089 0.5239748546331688 
0.45137500029197625 0.796260609111571 
0.84918594270143 0.27888323471837045 
0.26166611120558797 0.9315308462466487 
0.9725730547898248 0.054104548419488634 
0.9929492783818004 0.014051730562844322 
0.1644327166027778 0.9729618817106627 
0.4837551759414219 0.7659897428998841 
0.858094823289381 0.2636732873163567 
0.25401418075256654 0.9354767959766722 
0.8513239226750299 0.2752475786815858 
0.9902648712600705 0.01937548474856941 
0.5714642863504137 0.6734306033433314 
0.7380741629741081 0.45524652995013287 
0.03154379310028882 0.999004989116868 
0.9729279715134842 0.05341125974985642 
0.5889958935080485 0.6530838396722383 
0.5405826174419309 0.7077704337196632 
0.02559941748973421 0.9993446698246335 
0.8710991268238348 0.24118631124693135 
0.4993111313889247 0.7506883940715807 
0.5112146970265524 0.7386595335445171 
0.2643681504517781 0.9301094810528506 
0.12509619622777435 0.984350941689507 
0.8921028293143249 0.20415254193031107 
0.09124484456585086 0.9916743783401819 
0.2498107040644637 0.9375946121352461 
0.2643681504517781 0.9301094810528506 
0.5062871622293644 0.7436733093618538 
0.6159287006127494 0.6206318357622289 
0.7469231209175613 0.44210585146364295 
0.8911545468722548 0.20584357358915234 
0.7248546401123738 0.47458575070796716 
0.050423308941161205 0.9974574899154741 
0.8721251416183746 0.2393977373571598 
0.6871866863310844 0.527774458166928 
0.7460569231401899 0.44339906743463264 
0.04907105279892232 0.9975920317774707 
0.40201181093207666 0.8383865038713058 
0.9132260470901028 0.16601818691647657 
0.8651570270952343 0.25150331846778917 
0.7329492407414745 0.4627854104987495 
0.19570545429459899 0.961699375159607 
0.6088047563013285 0.6293567687049884 
0.771081914219383 0.40543268156404366 
0.8340330675420076 0.3043888422465548 
0.9037387205584652 0.18325632496352143 
0.9804289367915413 0.038759099901840996 
0.3936374813581251 0.845049805527478 
0.40722934037574365 0.8341642643371593 
0.9777582068802065 0.043988888878966015 
0.3329793138268897 0.8891247765642099 
0.23408324364439898 0.9452050350450059 
0.9829690379852201 0.03377187036246073 
0.3801260983231117 0.8555041493737094 
0.1678437422488599 0.9718284781887907 
0.5141931688376122 0.7356053851207951 
0.9459272788267001 0.10522401706707107 
0.8051435562237854 0.35174385387148766 
0.9829690379852201 0.03377187036246073 
0.9465872052020107 0.10397268541261556 
0.5171933272597555 0.7325110622386918 
0.5578838379194115 0.6887656235000136 
0.4977526755070011 0.7522422807614051 
0.29136504718756523 0.9151064092774585 
0.6093226872121646 0.628725862848632 
0.5284306298784818 0.7207610694064608 
0.6447423594634336 0.5843072899135748 
0.5027227951285063 0.7472697912582055 
0.4109639535311159 0.8311086525463124 
0.26803324889867186 0.9281581774852593 
0.630050792737089 0.6030359985714666 
0.7370571743346156 0.4567467217619608 
0.801405417093271 0.35774935745376835 
0.6460647017670189 0.5826004011307735 
0.3595888600304103 0.8706958517420974 
0.7821983553096714 0.3881857661254811 
0.4770670815340819 0.7724069997165738 
0.8149481624072548 0.3358594925925003 
0.6621397249150036 0.5615719016775456 
0.7761831076272954 0.3975397834345286 
0.4957130343332443 0.7542685875923808 
0.7503760270211418 0.4369358180719949 
0.5641390288180387 0.6817471561645656 
0.2827586767048074 0.9200475312664985 
0.16607537209650952 0.9724189707834721 
0.863193596572351 0.2548968148366544 
0.2664774432619682 0.9289897722347916 
0.07885037646369797 0.9937826181322152 
0.9594252360895349 0.07950321877392835 
0.5919843820073676 0.6495544914604805 
0.9505212620667022 0.09650933035950962 
0.0356492226339028 0.99872913292562 
0.37193691632518644 0.8616629302746417 
0.5784456899356745 0.665400638830931 
0.034443931635516234 0.9988136155735788 
0.09496315131197355 0.9909819998930267 
0.23672023774074621 0.9439635290491081 
0.2842955434980259 0.9191762485552584 
0.19478988078232945 0.9620569023449312 
0.5421896692337376 0.7060306821452447 
0.8712566395235104 0.240911868086335 
0.548751605684416 0.6988716752588375 
0.3940739628890563 0.8447057117738089 
0.9451706306677252 0.10669337754014323 
0.3253337290560725 0.8941860440606498 
0.7379569576809749 0.4554195286104024 
0.6006676626677087 0.6391983590377716 
0.40502990651819143 0.8359507748260233 
0.4147925904413773 0.8279471069150133 
0.15493012198890835 0.9759966573073516 
0.5629960323226164 0.6834980825756433 
0.7873664539256257 0.38005406723260504 
0.47870281881436605 0.7708436112592395 
0.6755755202325707 0.5435977164625294 
0.9742727285966515 0.050792650314400535 
0.8696857377131593 0.24364671761864354 
0.866166630489335 0.24975536822698 
0.7901256816136935 0.37584858171894214 
0.2998265288909065 0.9101040525743337 
0.7422231679801464 0.44910478331255316 
0.5790616493333108 0.6646876062714507 
0.39593109925832204 0.8432385646404568 
0.49549785183961337 0.7544818788224809 
0.4451690551361931 0.801824512552713 
0.6230403630033748 0.6118207060687678 
0.6221758677429201 0.6128971896335231 
0.043253283656468515 0.9981291534537315 
0.9886728634145296 0.02252596914922522 
0.8145411127580788 0.3365227756270327 
0.34257511099148175 0.882682542271968 
0.6247759747739957 0.6096549813453473 
0.40717481304591063 0.8342086716217434 
0.2786591838207588 0.9223598878975483 
0.9784932893718437 0.0425508826545468 
0.2853354943270535 0.9185836556772743 
0.5031699253608333 0.7469561400182941 
0.5655227336054686 0.6801840377754425 
0.19975356249160775 0.960098675773523 
0.8136678156901961 0.3379446857101249 
0.6439783998593465 0.5852918205146785 
0.8685326155606512 0.24565109570760302 
0.9364418078525565 0.12307678200984364 
0.4597756743468419 0.7886063292789804 
0.9241854033265379 0.14588134027857452 
0.7734564516030984 0.40176511747363514 
0.20895891319260512 0.956336172598804 
0.8736767272396055 0.23668897628002428 
0.35860265071512387 0.8714041389280481 
0.42658273331461255 0.8180271716380242 
0.06174847296201291 0.9961877867408233 
0.7079929980596411 0.4987459146985544 
0.6071089645349544 0.6314187051813774 
0.49232926312050446 0.7576118966752553 
0.8316953872284163 0.30828278287050437 
0.2271841478634155 0.9483873629597293 
0.7171988561566439 0.48562580072789674 
0.4451690551361931 0.801824512552713 
0.9628090766091948 0.07299868199904544 
0.9255768907622345 0.14330741928697185 
0.9490366440530007 0.09932944824744654 
0.5630921816938033 0.6829271949157922 
0.2837236696253243 0.9195008792944454 
0.5042068450274172 0.7457795865934599 
0.7252085415722821 0.4740725712310295 
0.3270114588454626 0.8930690212573452 
0.24109670475981243 0.9418724511597097 
0.674066996342833 0.5456336844414061 
0.09217941076369607 0.9915029562314096 
0.723604752434681 0.47639616225396125 
0.5806172339382555 0.6628837134292498 
0.8720182428214381 0.2395841841876777 
0.03988982977639299 0.998408801480458 
0.21337080024654037 0.9544729016026162 
0.5449410814070192 0.7030392209185291 
0.7360525183790092 0.45822672646205626 
0.18394815088527378 0.966163079263461 
0.5940201414610955 0.64714007153876 
0.49037897961347715 0.759528456353491 
0.0018123951339254762 0.9999967152243295 
0.8562677562601283 0.26680553001749047 
0.16634433465612836 0.9723295623278914 
0.8418358772657202 0.2913123557483297 
0.5806172339382555 0.6628837134292498 
0.773275483546223 0.4020450265465317 
0.9416394536665113 0.11331513929866932 
0.5278248826926508 0.721400893210668 
0.5987736052037343 0.641470169711393 
0.5911731020930013 0.6505143635868592 
0.9121943580766269 0.16790145309340565 
0.6616451566368944 0.5622256866990382 
0.1682981599493028 0.9716757293577029 
0.8824436957843439 0.2212931237718448 
0.05631394388096134 0.9968287397246196 
0.4515694856684808 0.7960849996132631 
0.5081733865006172 0.7417598092525218 
0.5081733865006172 0.7417598092525218 
0.7007653912869394 0.5089278663745952 
0.6743791179697816 0.5452128052466594 
0.6880050733105817 0.526649019098967 
0.6783741862521724 0.5398084634268284 
0.13098457803725355 0.9828430608940274 
0.9811996201831562 0.03724730535288283 
0.5829479257574574 0.6601717158553386 
0.9356813103909143 0.1245004853852089 
0.18090525074060954 0.9672732902548541 
0.43421205659981643 0.8114598899034084 
0.8626490923616595 0.2558365434477006 
0.6821758707991931 0.5346360812994593 
0.6493824444557355 0.5783024408327714 
0.9647561720014846 0.06924552858510506 
0.360695004309063 0.8701879869385224 
0.6169556654356385 0.6193657068869773 
0.771081914219383 0.40543268156404366 
0.8930520573727113 0.2024581908498215 
0.5056115166200449 0.7443569942612757 
0.07607617177128939 0.9942124160886535 
0.4642217729500443 0.7844981455192589 
0.20856051807027834 0.9565025103023125 
0.3712443355470735 0.8621776523059177 
0.2546347439210455 0.9351611471883252 
0.973640938706667 0.05202332247462266 
0.48768365152227156 0.762164656037938 
0.5829479257574574 0.6601717158553386 
0.12355603683881117 0.9847339061834801 
0.4907608183571689 0.7591538191658181 
0.7725317775140926 0.4031946527310356 
0.16959737005107306 0.9712367320718331 
0.4526060396525863 0.7951477728700322 
0.5696351954130763 0.6755157441468845 
0.9807997025255579 0.03803194352582635 
0.558244370737482 0.6883632225399399 
0.9365310483911542 0.12290959539943633 
0.5449410814070192 0.7030392209185291 
0.5927731316292362 0.6486200144186147 
0.3822538071824483 0.8538820268946747 
0.07762485382492651 0.9939744586798915 
0.10666457897065598 0.9886226675930783 
0.734453951158013 0.4605773936284123 
0.4177131994390219 0.8255160293089241 
0.6638840534446767 0.5592579635847157 
0.006134079441983131 0.9999623730694693 
0.24460111701476156 0.9401702935555872 
0.35817344765793857 0.8717123409969578 
0.8397525413175881 0.2948156693507712 
0.593568694473929 0.648101514924336 
0.8316953872284163 0.30828278287050437 
0.48863807356421 0.7612328330634931 
0.9253816352084585 0.14366882921901872 
0.858094823289381 0.2636732873163567 
0.11420307783638817 0.9869576570127409 
0.6586682523413075 0.566156133357727 
0.3873939076004008 0.8499259603541431 
0.9452880511830491 0.10643050463163345 
0.13871261828812592 0.980758809527679 
0.5479387579391687 0.6997631175481429 
0.9489310817551859 0.09952980208196545 
0.6537225928907503 0.5726467715442533 
0.5174351234305331 0.7322608930405721 
0.5039480458226575 0.7460363671122163 
0.3380414612244997 0.8857279704948522 
0.8927657654317378 0.2029692880732722 
0.28725830710330114 0.9174826650002039 
0.6380420609889187 0.5929024531104967 
0.6727766144103807 0.5473716271025701 
0.5589616346315223 0.6875618910104948 
0.9504661047237215 0.09661418377168388 
0.9748102280269627 0.049745019334312864 
0.5270258373018941 0.7222437668162726 
0.7879464644702278 0.3791403691289192 
0.3403743650215183 0.8841452916384794 
0.8497574686692267 0.27791224444166807 
0.7520630246037255 0.43440120733197457 
0.25282571667628306 0.9360791569872091 
0.9781277377152127 0.04326612871235863 
0.24046342131830933 0.9421773430079294 
0.809384589729099 0.3448965859092772 
0.8095497553132835 0.34462919367238437 
0.9262424916128512 0.14211493417651802 
0.658631568502752 0.5662044569716722 
0.7461924628305976 0.44319680859547367 
0.2354938660503576 0.9445426390527414 
0.9542018367566838 0.08949885473038433 
0.0043341772200288925 0.9999812149079047 
0.5174351234305331 0.7322608930405721 
0.9876777739631717 0.02449261481920919 
0.8816741813609535 0.22265063793371476 
0.12571453462818966 0.9841958557833679 
0.7356961014131436 0.4587512463655504 
0.09326167923825152 0.9913022591856814 
