0.0 1.0000000000000004 
1.0 8.881784197001256E-16 
1.0 8.881784197001256E-16 
0.0 1.0000000000000004 
0.6151469298554986 0.6216922634202183 
0.6563295942071418 0.5692315846758819 
0.4453408238861458 0.8017609093366473 
0.6009364028896979 0.6388755974961703 
0.03702562396844514 0.9986334871772129 
0.27937441483995284 0.9219503192928383 
0.8975834928020313 0.19434405478478337 
0.6791373733325755 0.5387806981283455 
0.4649531792550362 0.7838186388494257 
0.9380753639004212 0.12001568790625865 
0.5512655955815325 0.6961079757243689 
0.48358966994409625 0.7661433945393404 
0.8186618662347798 0.3297929256524842 
0.8500765455302124 0.2773727468964392 
0.884145516698279 0.2183660830778213 
0.41974748401488304 0.8238121090041747 
0.9731414372066713 0.06351258028371318 
0.3005727224066356 0.909656179827867 
0.8590788190814987 0.2619837349842923 
0.695313341854784 0.5280049290980674 
0.12051912623743584 0.9870931653778509 
0.2269998345622287 0.9484710942505251 
0.1386144070011036 0.9807863800652987 
0.2582582427199419 0.9333044908231628 
0.3223125096020326 0.8961147282391475 
0.1907096420622928 0.9636350892101598 
0.8152447230411232 0.352683076376001 
0.8275660776016102 0.3151358662869891 
0.387293198442728 0.8500044908827779 
0.7330003184852495 0.4627682580957026 
0.7882378678545996 0.37868266255160876 
0.8378368302429057 0.2980295060548061 
0.4909406542052486 0.7589891689822768 
0.054558376315088475 0.9970315451145637 
0.34303586693992594 0.8823582984804369 
0.3824202223978388 0.8646462531306395 
0.45681153943063996 0.7913771575287918 
0.4080167443189543 0.8335310968618208 
0.5642262463842818 0.6851230767820912 
0.9553851192981221 0.08723947036877058 
0.799746747373907 0.36040639450970047 
0.5728148485720783 0.6718841912093715 
0.5119696687859151 0.737888638241438 
0.9950504968952896 0.010354496050919417 
0.24171106834891481 0.9415759050502264 
0.2935883680825486 0.9138872237176959 
0.10212358650199288 0.9895708205438752 
0.9146744288237293 0.16337082230722946 
0.6682691574445498 0.55341649236842 
0.8804119452416932 0.22504352957417517 
0.9780187256492773 0.04349013283609131 
0.8726741284538514 0.23844243320731529 
0.15436607533004934 0.9761717019201103 
0.525492822519753 0.7238576072328059 
0.9085951117332038 0.17445510853041943 
0.9036553619422446 0.1834091794122804 
0.9902728785560606 0.024512309144992455 
0.5728148485720783 0.6718841912093715 
0.700504690755259 0.5092932005824282 
0.7113753282232498 0.49604776520705246 
0.3625389157096018 0.8685855083838947 
0.5033072553984541 0.7466827190117098 
0.16261788254896892 0.9735646842587578 
0.2102600503466016 0.9557925977471726 
0.9306594088234159 0.1338920689248088 
0.53822377592673 0.7103258395744643 
0.5229471531349369 0.7266167472413289 
0.9283925109187343 0.13810617390755103 
0.8378136485381745 0.30484498071886296 
0.7842752884685043 0.3849122908411794 
0.8726741284538514 0.23844243320731529 
0.9485723161000482 0.10021071399925241 
0.7399801978206898 0.4524311564576311 
0.5380257079817895 0.7105284332846448 
0.962055100273953 0.07445018795786316 
0.3374629727545444 0.88611904075622 
0.7589691945740081 0.42396785984034 
0.7436857576427227 0.4469334292303281 
0.7202995477113314 0.48117062216730966 
0.7756421491680088 0.3983807215820747 
0.723576460041231 0.4764385430232028 
0.2501795728301166 0.9374114672089465 
0.9847913463511135 0.03018640172491097 
0.8573381084055639 0.26958936321559546 
0.6116101391176694 0.6260311175800283 
0.210586528934255 0.9556552103840686 
0.698261679852279 0.5124307703615305 
0.9247237972515859 0.1554157129269052 
0.7125617300334224 0.49226518825035354 
0.6042008417705389 0.6349441538985222 
0.9485723161000482 0.10021071399925241 
0.8017684163661964 0.35716754854736027 
0.7500669254305093 0.4373996799991747 
0.07319674061519577 0.9960464809499213 
0.7629390205474719 0.4180091363114402 
0.7528851722592883 0.4331640306648492 
