0.0 9.66115605164502E-17 9.32501524272095E-17 1.39589110370534E-16 7.770272773233883E-18 0.0 8.243676051002185E-18 3.809961475698315E-17 2.072576101785979E-16 3.394728899084924E-16 5.329281725070695E-17 0.0 1.0502517815214474E-16 0.0 0.0 5.325924981096106E-17 2.3818853700710935E-16 0.0 0.0 6.647906426845814E-17 0.0 2.255917297290857E-17 2.738309675778986E-18 0.0 6.722966072319314E-17 1.6254452727640137E-16 1.5667982029190935E-17 4.5351387940533046E-18 0.0 0.0 
1.0 9.66115605164502E-17 9.32501524272095E-17 1.39589110370534E-16 7.770272773233883E-18 0.0 8.243676051002185E-18 3.809961475698315E-17 2.072576101785979E-16 3.394728899084924E-16 5.329281725070695E-17 0.0 1.0502517815214474E-16 0.0 0.0 5.325924981096106E-17 2.3818853700710935E-16 0.0 0.0 6.647906426845814E-17 0.0 2.255917297290857E-17 2.738309675778986E-18 0.0 6.722966072319314E-17 1.6254452727640137E-16 1.5667982029190935E-17 4.5351387940533046E-18 0.0 0.0 
1.0 9.66115605164502E-17 9.32501524272095E-17 1.39589110370534E-16 7.770272773233883E-18 0.0 8.243676051002185E-18 3.809961475698315E-17 2.072576101785979E-16 3.394728899084924E-16 5.329281725070695E-17 0.0 1.0502517815214474E-16 0.0 0.0 5.325924981096106E-17 2.3818853700710935E-16 0.0 0.0 6.647906426845814E-17 0.0 2.255917297290857E-17 2.738309675778986E-18 0.0 6.722966072319314E-17 1.6254452727640137E-16 1.5667982029190935E-17 4.5351387940533046E-18 0.0 0.0 
0.0 9.66115605164502E-17 9.32501524272095E-17 1.39589110370534E-16 7.770272773233883E-18 0.0 8.243676051002185E-18 3.809961475698315E-17 2.072576101785979E-16 3.394728899084924E-16 5.329281725070695E-17 0.0 1.0502517815214474E-16 0.0 0.0 5.325924981096106E-17 2.3818853700710935E-16 0.0 0.0 6.647906426845814E-17 0.0 2.255917297290857E-17 2.738309675778986E-18 0.0 6.722966072319314E-17 1.6254452727640137E-16 1.5667982029190935E-17 4.5351387940533046E-18 0.0 0.0 
0.6151469298554986 2.288827636347245E-4 1.204260172502421E-9 1.6837680294412132E-7 8.584625709313946E-10 9.647492879322086E-9 4.7358822745295765E-12 4.450279535324819E-13 8.106484133098868E-12 2.9245429449815114E-10 3.602289819551121E-13 1.1980182844999326E-9 3.2533465492463837E-10 9.902179881657802E-11 1.148859038033484E-9 3.5713318058528406E-11 1.6315058170014135E-9 1.284425471823288E-9 4.386226513728916E-10 8.364725262593631E-10 1.964565902747262E-9 6.820281169954801E-12 1.6046921847229905E-11 1.5877931839259295E-9 2.5585965332469384E-10 4.88622106312767E-13 3.977012685219855E-8 1.5062085290664438E-10 6.842649289142003E-12 1.0119708591304833E-10 
0.6563295942071418 2.4067210395565227E-12 7.994239241595871E-9 3.1640898180621706E-10 8.907209673225634E-10 1.4293645009093245E-9 1.2177496974560757E-9 6.466891385438075E-11 1.1783059299147378E-7 2.091063108850108E-10 5.608464783409508E-11 7.909945374894786E-11 1.8459512747334667E-11 6.215161812493584E-11 3.950708672143326E-8 4.778762613263776E-10 2.3749336323677677E-9 2.0896075732778127E-9 5.143227448234417E-13 4.608120426476446E-9 1.4481631983988748E-10 4.130670513371923E-14 2.4615808760813006E-12 4.718301214161342E-10 3.680654191221567E-11 4.7726323648777336E-9 9.403641555532665E-9 6.007915253773179E-11 7.77215933537619E-8 4.528237093358977E-10 
0.4453408238861458 2.682870498312051E-11 1.547627442526544E-8 1.9158554426070643E-11 8.773161467495651E-10 5.078155950735889E-8 3.7824609421167936E-13 1.2683878626035366E-11 2.398887049834741E-4 4.910451433573158E-11 3.508608463794558E-10 7.082297932574283E-8 1.1756135532987378E-11 3.994662035303349E-9 7.700716579598837E-9 1.246090030057355E-11 1.3148506451001133E-7 5.265125038308318E-8 3.967999210795358E-10 5.825996933265264E-8 1.371939154906905E-10 8.202104357154314E-13 1.1044294730423319E-10 4.097272732088605E-11 2.374273384270503E-10 3.8602361339621916E-14 2.634916314957207E-11 2.1793769713371267E-10 1.1445754008869898E-12 6.602073499001378E-11 
0.6009364028896979 1.3588858772188859E-12 8.452363512856247E-10 8.937937590403231E-10 1.0039612116831471E-10 2.65801138677383E-8 7.081386042765543E-10 1.4809444041367905E-15 1.8742774520466704E-7 2.6286574475306013E-13 3.8355268854982346E-11 2.8113774092931404E-11 1.5737570893431975E-9 1.3320447680875307E-9 9.320407726526497E-8 1.2287347066799957E-9 1.0744429633060205E-9 1.8183379344248049E-10 9.34556714134076E-11 9.186102366911452E-9 1.1302763495098399E-11 1.003920609450181E-13 2.507960829452157E-10 2.4795660407696747E-10 2.737807608418661E-13 8.852658511264774E-10 4.702873926927942E-8 7.868702945242336E-11 4.6273489505018205E-10 1.3341312279430813E-10 
0.03702562396844514 9.66115605164502E-17 1.230640749921408E-11 1.847842383817246E-12 4.063721130292047E-11 2.4055891931792234E-8 2.717722075906359E-10 3.842241859316756E-8 5.958984384679918E-15 3.1048093229169486E-7 4.55982514916323E-11 0.0 4.024841448052614E-13 4.043134918379633E-11 1.2796396286751441E-5 1.4356834923535842E-12 3.184458394073386E-8 3.5563187709632744E-7 9.57408204565351E-13 7.483580452848022E-12 2.351433153266518E-9 3.2383508810389875E-15 5.95035881150425E-11 5.466403493705029E-7 3.6528146167535896E-14 1.6254452727640137E-16 1.215817494384081E-10 9.022820967633298E-11 6.420040455988715E-14 3.891786569083068E-10 
0.27937441483995284 9.808794890144013E-11 3.2296330559071354E-10 1.1803115658481612E-10 9.305997044047508E-11 5.009002937257047E-10 7.661207687714908E-15 8.128947603447458E-12 4.549510502180655E-9 4.0325499432919835E-10 3.4890170018022604E-10 7.201438903200777E-11 1.8678866053380458E-12 4.8482360675720975E-14 1.090676110073029E-7 8.889512854489417E-9 2.8548404221085712E-8 1.146767405682488E-7 3.3087089551289856E-12 3.9266710291735596E-10 6.587539095028145E-12 8.288452602772019E-16 2.6275397051145286E-12 6.823535643041059E-9 5.004381282302186E-10 8.060085739185073E-7 1.5921887836253112E-8 1.1787824810500906E-10 4.706709544654445E-8 9.917598473720457E-11 
0.8975834928020313 3.963203985037494E-11 8.101206876168853E-10 1.6900132265896941E-10 6.3357827919613775E-12 1.2182132858557354E-9 9.319376497845214E-11 4.955999507116651E-10 4.3037128808945845E-12 1.5615571548684826E-11 3.288636565183414E-10 1.7451332119007194E-10 1.5983824496020306E-9 1.4334616523045288E-10 1.1281226785957966E-7 4.2194613598919223E-11 2.8467190922311965E-8 2.061461089211587E-9 4.416579530862739E-10 6.5359548089203E-11 1.8546220423874403E-12 2.053740205728561E-14 1.2075182597214828E-11 1.6021133380584594E-10 1.0971953041818596E-10 4.5483549560137514E-10 1.7322127679814084E-7 7.889586712745908E-11 5.618394808268489E-10 8.089981862785468E-12 
0.6791373733325755 3.882508273260246E-11 8.75988577415994E-10 3.566837912718712E-9 4.258322978343149E-11 2.65801138677383E-8 4.870797643975111E-9 1.644023600906088E-13 1.7753236985316813E-7 1.7676775481684732E-11 5.410029825014204E-11 2.904742046972538E-9 1.5737570893431975E-9 2.729254977276956E-10 1.7841228197041715E-5 1.2287347066799957E-9 1.0888837772109715E-9 8.835326744933165E-10 6.482134473276879E-11 4.1473891235385996E-9 1.1302763495098399E-11 2.4044137015000997E-13 2.5109215906483378E-11 5.966400216921734E-10 1.186642817838541E-11 9.74703181307351E-10 1.669205294132867E-7 7.868702945242336E-11 4.544695119535184E-10 5.236600918580572E-10 
0.4649531792550362 2.416888643853137E-12 3.806560766778426E-12 1.681569577457287E-10 1.9398946769932313E-10 1.438879579437966E-9 9.067323594105691E-11 1.895302123838376E-9 1.7822107537806353E-13 1.0778835842335542E-10 3.2963303678709104E-10 2.2528992019805344E-9 4.4163809645034915E-10 6.24475609028127E-10 1.0401892945054956E-7 1.344605754803518E-9 2.487282676568105E-8 8.528663051837508E-8 7.557815189522238E-11 8.013420104209572E-9 1.1617145693979424E-9 2.3743693299144265E-14 1.2646566960408372E-11 3.1250761688627125E-12 1.2060539490668536E-11 3.408963339393177E-9 2.210651266257407E-8 1.9212721237513905E-11 5.587652377535008E-10 5.365115582664081E-10 
0.9380753639004212 9.66115605164502E-17 1.0683922920757679E-11 1.1185299427056684E-10 1.0449463490690214E-10 1.1697995297485954E-9 1.3725992149513853E-16 1.781882635698984E-6 1.2590606860116921E-12 3.039072214644249E-8 2.526883943534669E-13 3.0411725040014877E-13 5.508043704292972E-13 1.4027930935694183E-9 1.9544304146808925E-9 7.560427303196356E-10 1.9206409112152983E-14 1.7105012110061778E-8 3.388049144530354E-10 1.526156623638513E-12 1.0753796080347356E-10 5.696492952940765E-16 3.9970982553796105E-11 9.100026108297654E-12 2.444029045868804E-15 1.8621687644334972E-10 7.593594105839167E-9 1.4974223895243915E-9 7.49632534114983E-12 1.3963464447020105E-12 
0.5512655955815325 9.758532917536672E-11 5.412550979485414E-10 1.7862550336692226E-9 3.354188695432043E-11 1.2191130921266839E-9 1.2036326462013185E-9 4.036494921489184E-11 1.7071630724908715E-12 6.56049836743843E-11 9.581393634856135E-12 3.1493239973983074E-9 5.09469546896761E-10 1.3282724991450682E-11 4.046098018796819E-6 6.744421446463473E-11 4.183421273583299E-12 4.0094282353576824E-10 9.555711652796854E-12 1.2556907771855668E-9 2.6864083599547073E-10 6.801719315442842E-12 1.1235973955865669E-11 2.762240932411743E-8 1.1089963495001631E-11 2.6778710379521634E-11 1.9468786471470526E-7 6.040305211398202E-11 4.6192372531109666E-12 2.439845744896085E-9 
0.48358966994409625 1.5972334223358528E-11 1.2453097229721977E-11 7.314515624872767E-7 1.083417643042931E-12 1.9047312564510903E-8 6.613582421887599E-12 8.393107010553434E-11 4.7568510185480426E-8 2.329945515000391E-8 7.629422067678311E-12 2.6769426494904763E-9 8.224582254525407E-12 1.3281495331143142E-10 4.924601409310136E-7 1.587340688449096E-9 7.361835559324373E-10 8.123914616358277E-8 4.750384223885056E-6 2.5642426094314077E-10 3.1607068539129994E-10 5.499811850356217E-13 6.830412567420708E-12 3.1256202818262055E-10 6.317373684084008E-12 3.11788377383877E-9 1.538690992890402E-8 1.8970461546074665E-9 2.1662535324310146E-11 2.0366171001108357E-11 
0.8186618662347798 2.937915586433437E-10 7.114833628594658E-10 6.785926310275059E-9 8.103724189915547E-11 1.1848949008071208E-8 1.4326041783402468E-13 6.548258835098607E-10 9.112857087567264E-8 1.2566755853368105E-10 2.4303512217260843E-11 2.6446078363841197E-9 1.9113490201612686E-10 8.406538454658802E-9 1.216886388502239E-7 5.748218175698951E-12 7.66013806778652E-10 9.484803484530191E-9 7.908791113598996E-11 1.0361361511084085E-10 2.895974499991338E-8 5.0712886222449476E-14 3.5849594271752117E-12 8.720037819189416E-11 2.0503971889994506E-10 9.367155466831431E-10 5.537995836273744E-8 5.491908800732665E-10 3.1178285500987626E-11 6.457394674708672E-11 
0.8500765455302124 3.913393831354086E-14 2.3747373144171956E-9 1.0760174493860719E-10 3.171559655495167E-11 1.1419860167481786E-9 2.4093918290407517E-6 1.7669609606597356E-6 4.688477680244082E-11 3.0669763855027074E-7 2.8056688229475598E-11 6.237751494093888E-11 3.6165285803832366E-10 3.9421788125622455E-14 1.026564050412192E-7 9.312753884831845E-9 5.599705084239528E-11 6.713003784408254E-9 7.406247481720508E-11 1.2442632475936581E-12 1.2704155510830039E-10 1.4835459284109175E-13 7.946734819945065E-11 2.7961218635790882E-8 1.8381405982267134E-13 7.52016903703792E-7 1.0955526071121227E-9 4.5314571035436164E-14 4.483259454546655E-11 6.42569570293777E-11 
0.884145516698279 5.619358607649313E-12 7.879526578923775E-10 2.708721265684399E-9 3.4481909378706503E-5 9.724875562654625E-10 1.0629466411309942E-4 5.6657507992016554E-12 1.2100889059147068E-13 2.7108610876353642E-6 3.372368065631541E-12 6.8193787792356736E-9 1.0088626599145568E-9 1.1412646495352912E-10 1.162125752181569E-8 1.403192231571737E-9 3.7466086217230064E-12 2.4872517970489292E-8 1.5148921820898567E-10 5.966939529537374E-9 5.988379642060798E-10 5.256903155130669E-14 4.748476206363315E-11 6.021790201839506E-10 8.31737694026922E-9 1.077772631323472E-9 5.768155046955939E-14 5.4813920064757014E-11 1.139828818270921E-14 2.654943895890663E-9 
0.41974748401488304 1.2666674625017643E-11 5.772333230464557E-12 1.0959463233503728E-8 1.0336393107893264E-10 3.0973361882375095E-9 1.0548033898300646E-11 7.960808268834461E-10 7.978117630286445E-9 6.995531294915044E-11 1.5484448648832424E-11 8.408686126436789E-11 1.2239880018165645E-12 2.1642944985467323E-10 1.790775406049983E-9 1.4353946102095623E-10 1.7444118066875074E-9 8.591841860105827E-8 5.875124120208853E-10 1.4507598497941425E-10 2.2018068746786473E-8 1.1233681169095817E-13 2.5050854218231832E-11 2.8131836449732945E-10 1.1038103479421254E-11 1.0660677395928792E-8 1.5375259541161823E-8 5.948646852139285E-12 1.4360378881055313E-13 5.095797209456751E-10 
0.9731414372066713 3.43405573894391E-11 1.6069838473584464E-10 1.4912469154735611E-6 2.913049731821596E-10 2.161505118259049E-8 3.967298551314863E-12 1.8965637384899334E-8 4.845744027704397E-9 7.940653974231387E-9 7.077880560796564E-11 1.699644126460815E-10 6.542552740391703E-9 6.183027011947535E-12 1.4564489220161347E-7 8.347754904300243E-9 3.297196351986012E-8 2.2777005507776808E-11 5.30590024204285E-9 4.739157193190535E-10 0.017412287590584878 2.182846881688424E-13 1.1749360135163203E-11 2.940459784908078E-8 1.0836359542627089E-11 3.649178991238843E-5 3.435700072659312E-10 4.724579350051172E-10 1.527717178428957E-7 1.577575670254527E-9 
0.3005727224066356 2.408378934235701E-12 5.3256877573310526E-12 3.1882257231674524E-12 1.939939718236042E-10 1.437926974946132E-9 6.58264714905906E-14 6.935683334477158E-13 1.2102980694771817E-7 3.934661166542379E-10 1.5738216540222048E-11 1.3659434409114754E-9 3.699093998006171E-11 4.417329388340363E-8 8.026421984024195E-8 1.8665300681528088E-9 2.3454373818670344E-9 8.984280393208386E-8 3.3087089551289856E-12 2.3892754978103595E-10 5.083671877920399E-8 2.642093261102506E-15 6.882144605926264E-11 3.769619319638641E-9 4.97952035829151E-10 7.981123835463881E-11 1.5830797139457115E-8 2.5681486523906823E-9 4.525042702344792E-10 1.9939139062412394E-10 
0.8590788190814987 3.9572565226000296E-11 8.493516765951002E-10 3.993384613615249E-8 6.9840828626901324E-9 0.0 5.480878642409364E-10 1.644023600906088E-13 1.7745751257748634E-7 6.882770316214238E-11 5.4168224916030914E-11 2.900387813791273E-9 1.5737570893431975E-9 9.343711686448724E-11 4.125127854097609E-9 1.1820923582879663E-9 5.581017523946628E-9 3.378387205234468E-8 6.586155706086931E-10 4.1473891235385996E-9 1.8441768403277853E-10 3.603589640161719E-14 2.5109215906483378E-11 2.1660707145930926E-10 1.067321588326135E-11 1.075486739765798E-9 1.0361007120195776E-11 2.7501712923151912E-11 4.5038102411926065E-10 5.230583795048301E-10 
0.695313341854784 6.165312593741805E-6 6.07006922169225E-9 1.036247113450768E-8 2.9928241669513345E-10 1.6155531571220077E-10 1.4386068154176973E-13 1.1619644958607912E-14 4.213735137367581E-6 1.9702025778994037E-10 5.433564083949854E-9 2.5221502603131165E-12 1.531775818629442E-9 3.692528652675947E-11 1.8862388527427913E-8 6.296133461783354E-10 7.638935868669645E-7 9.860467526099422E-6 2.3755634653285503E-8 1.550062375127451E-10 1.7050459280231693E-8 3.488056220454392E-14 1.9280379895556657E-11 3.70995976406988E-9 2.914059189541348E-13 1.7765433887273811E-10 1.9890437036001324E-8 3.699097518819127E-8 0.024945762251440278 2.5690832644938803E-11 
0.12051912623743584 1.3986658519777732E-15 1.8497089062849397E-12 1.39589110370534E-16 1.6181718836843887E-15 2.440362309912286E-10 1.3550642050160762E-12 4.994249794745148E-10 7.357631208638999E-16 4.057691467110924E-15 4.88126123190899E-11 3.8664095357162466E-11 3.667238077642178E-14 0.0 1.9360646231853942E-7 5.325924981096106E-17 0.005138898110807576 1.5306804865339708E-11 4.889281984229243E-10 1.8968836864397168E-13 1.7197097445477036E-12 1.0167876218280134E-12 5.856680551746169E-10 8.4667758049983E-9 5.395577496496158E-12 5.336360518413867E-14 8.530011031269847E-9 4.5351387940533046E-18 5.162028406476663E-15 1.967491753884513E-12 
0.2269998345622287 1.6818496452182352E-13 3.317102296800179E-11 5.7447322105448995E-11 1.4251905927077946E-11 3.294491929772657E-8 5.9401321942841106E-12 1.5579484696731903E-8 1.4361343795143128E-11 2.943689174981476E-10 2.968842073565628E-9 2.8493375580392688E-9 6.136233535117157E-10 6.259580121174219E-10 0.0 2.9306717522726976E-12 1.4072175050206352E-13 1.9019733116306575E-10 2.262835596383407E-12 1.4374130939402103E-12 1.687069710847762E-10 2.255917297290857E-17 2.737198210790176E-11 1.1280964350478658E-10 2.960039177892083E-13 1.6254452727640137E-16 2.148600114100727E-9 4.550703828907975E-15 1.5101616707577062E-15 4.130008416613151E-17 
0.1386144070011036 2.8364474026751707E-10 6.78597911651666E-7 1.5929916036522078E-7 8.821863204959771E-10 9.087418671236909E-9 2.8546624525325584E-10 9.918399133651542E-12 8.106484133098868E-12 7.997817661370983E-9 4.740708290074122E-11 1.1980182844999326E-9 3.2533465492463837E-10 9.902179881657802E-11 1.4272111918063725E-7 3.466743992151349E-8 1.6315058170014135E-9 1.356857876101929E-9 2.5266866345985966E-11 3.957797438193873E-9 1.964565902747262E-9 6.916807134263242E-12 8.352635167570087E-10 1.0119882253281357E-9 2.5585965332469384E-10 8.43282361793222E-12 6.337000074309281E-9 1.5056673104223572E-10 1.2888940584678177E-13 2.5449601298685526E-9 
0.2582582427199419 6.270002157074513E-11 2.0763051225859415E-8 3.5835262349158416E-10 4.650380776712646E-10 1.6424476884645051E-10 2.574750951252019E-11 4.532834282096665E-12 5.398546125771821E-6 2.944265687981673E-9 3.111128934299705E-10 7.474988984435699E-9 2.910532943511776E-11 2.035815456226687E-9 5.361703785155099E-9 1.4327347027264416E-9 1.4707657100430068E-11 5.297661956642505E-10 7.513369791389672E-12 6.495378596017476E-9 7.795953239393415E-9 1.1776257764015104E-12 1.395485038354604E-10 4.086217387267349E-9 6.140046215230364E-10 6.991708540866733E-10 8.531195782455566E-11 1.1086088298233652E-9 7.63816295369635E-9 6.402982424057249E-10 
0.3223125096020326 1.5840198062465167E-7 3.787758227360057E-9 1.2147856692031664E-10 9.814075490661171E-11 5.9788678506806E-11 6.511361463200012E-12 6.022280690588251E-9 1.1190688585407001E-11 1.7887001834731207E-10 3.531649282974179E-13 1.6945964345158194E-8 3.868930065668432E-10 5.146514639077006E-11 9.937243898940767E-9 8.412662197246992E-10 1.2844688489153791E-9 5.702975560461009E-10 5.166855137597369E-10 7.038130187020557E-10 1.2456519512185933E-12 2.9779786944121783E-14 1.6562973020043534E-10 4.0646598480145286E-9 4.0771720384881726E-11 6.262675257918408E-10 3.3515307323009054E-8 1.5120323054345683E-11 1.2389978920780533E-9 1.0529031197572533E-11 
0.1907096420622928 9.896765406938414E-11 1.3883803742022164E-10 6.421840114670627E-11 1.8389656387817586E-8 2.60426504998373E-7 1.1624645101464908E-11 2.0764037509445093E-11 3.776917356665382E-13 1.2063854776337623E-12 4.089908621813361E-12 5.306106877807756E-12 2.7554789260132977E-11 1.3585112328963202E-9 1.0537533668002566E-8 1.5874198266743129E-10 2.2796319930394813E-8 1.3922880536826088E-7 1.2871519791110394E-6 6.748576610860649E-9 1.9992599707220362E-8 2.8103432735471677E-13 2.6198258529420046E-12 1.2771708327237926E-10 5.08147859349787E-10 8.718511636233358E-11 1.7313429502662137E-10 1.4572462920633489E-5 2.0346861597843784E-9 1.538255554373501E-9 
0.8152447230411232 2.682870498312051E-11 1.5467135649559566E-8 2.951748781769711E-11 8.773161467495651E-10 1.956177444603856E-10 3.1098582675520323E-13 1.2678246418958179E-11 4.604645139643556E-6 4.884543031237385E-11 1.1611653131282805E-10 5.201444659492784E-11 1.1960300548241476E-11 1.1129819847343897E-10 1.1535365510352664E-8 1.246090030057355E-11 1.1408516208440944E-10 5.54664685973417E-10 3.133274127954394E-11 6.134568145488067E-8 5.912576436092675E-10 4.6507736336196134E-14 1.1038650729684147E-10 6.065540456563908E-10 1.9927535999226032E-11 3.8602361339621916E-14 1.131147475071113E-10 1.3751724905505744E-10 0.03363540471621214 2.726193977225094E-13 
0.8275660776016102 7.176578576405263E-14 7.557697552985668E-9 7.460411799410103E-7 1.0743290954251248E-10 1.0335969600616696E-6 2.4792552482650432E-11 4.3579126512601065E-12 1.0942750520773904E-13 3.76690753675416E-12 1.5127986211777728E-7 1.662916075753736E-9 3.99782220477118E-14 1.3891706818862776E-9 1.1320330422359505E-7 1.6778745694402357E-9 5.534939807047785E-12 8.885706221080581E-10 4.3984550588860417E-10 5.787531850592647E-10 1.0070332324851469E-10 3.3224614978758265E-14 7.749381261234874E-11 1.7353350848331833E-10 3.971617390123835E-14 8.48788667145748E-11 1.477475484929528E-10 3.832683338515404E-8 7.312172229845579E-7 8.515390216028629E-11 
0.387293198442728 1.2666674625017643E-11 4.796115782665303E-10 1.111800593545094E-8 1.5503748025767778E-11 5.0818477125047664E-11 4.1667374613599857E-10 3.177689499847687E-10 1.358115676419716E-12 6.5411836326538136E-9 5.00455975686852E-10 1.2085173335774145E-9 3.144603189682154E-10 2.1249971543753529E-10 1.426155973522358E-9 1.461064266936574E-10 6.090092702580911E-11 8.28655385033926E-7 5.85643476541006E-10 1.4507598497941425E-10 3.9464728393399104E-9 2.880702943372073E-14 2.2350768996923082E-11 5.636128633010861E-7 1.1038103479421254E-11 1.075525376220742E-9 1.482882583903527E-8 1.2124472005087065E-10 1.4360378881055313E-13 7.766249429838409E-12 
0.7330003184852495 1.0175586557391435E-10 1.0417667041178762E-8 3.339959701597302E-8 8.801701043927095E-12 1.5978756306580718E-9 3.933186166638771E-12 8.227908463151672E-8 2.5117746959847193E-12 3.10259802314036E-7 9.401852664401702E-13 0.0 2.2535237243846968E-11 1.022787469113781E-11 2.108202781371376E-5 2.434132020711503E-13 6.208367704320673E-13 1.5370475646834959E-9 0.0 9.947088875300382E-5 2.876029058502384E-10 1.7538808614938615E-14 1.3964177664096508E-10 3.8790055035557397E-10 6.241688179553597E-10 4.852513728957429E-11 1.696459996213313E-10 4.88428112566082E-11 1.2241920045512883E-9 7.243645774576041E-11 
0.7882378678545996 9.736441163397488E-11 5.632036396320218E-11 2.8952868683689234E-10 5.366182438247832E-7 2.6222109906597402E-8 4.0324479394734E-12 9.427083029908062E-12 2.7947354155934023E-13 2.292940857709293E-10 4.03993900133653E-12 1.165616596111826E-9 9.836204832584762E-10 1.281983921943803E-10 2.570805459304706E-6 3.186707383128339E-11 2.7546106099840245E-8 3.6781439762798096E-10 4.416579530862739E-10 4.491354032569816E-10 2.7399061709869024E-10 5.2461554943073123E-14 6.845346400545742E-12 6.782976852332499E-9 9.335015310393046E-12 4.937812351881467E-9 7.486726708060066E-11 6.00251128606415E-11 5.514161627889452E-13 1.4783380296176554E-11 
0.8378368302429057 1.505096101388069E-13 2.486552157688584E-10 1.9344912261814604E-9 1.2036776238321763E-9 2.726738976419543E-8 1.2842196292727889E-9 1.8930600099068114E-10 7.565592490536877E-13 2.27320042407298E-11 5.593304860052123E-11 1.9175363844279157E-12 2.4117948112072967E-11 6.107152333125952E-9 4.186339627652652E-9 4.921652258593132E-11 2.941603856630862E-11 2.9343317796176313E-8 8.115575574942918E-11 7.622613744486165E-10 2.0561731233535058E-10 7.773781851956332E-13 1.0699668095179543E-10 1.4844612549627525E-10 2.1099734836083863E-11 9.682494585967496E-10 3.901926094793969E-8 4.571308717877962E-10 9.23144105074532E-11 9.653724792403641E-11 
0.4909406542052486 1.055966693693584E-9 1.2585354987355606E-11 3.132901129843524E-9 1.803457060724839E-8 2.2799122561631548E-7 2.885179114967318E-14 2.0770460071407672E-11 4.7568510185480426E-8 2.3461375962941414E-6 8.50405208076489E-12 8.147652593474129E-9 3.0357013102456594E-12 1.3088552619456305E-9 2.326379929288E-5 1.176252271214619E-10 2.2761652078838873E-8 9.252096599777051E-8 4.830601263438177E-6 5.019361616626117E-10 1.3483514061330317E-10 2.344559344466539E-13 6.750620248938908E-13 2.4219892692582507E-10 5.081986939694686E-10 3.3392128857812767E-9 1.5761177156913877E-8 1.8012087754045102E-10 4.548619278819562E-10 1.2406601132344925E-11 
0.054558376315088475 3.044732783143328E-6 6.395589073285104E-8 3.113212256482897E-8 1.0106410418172834E-9 9.160846529730272E-12 5.7606056058920514E-12 5.961984612264659E-10 1.9501703151768367E-5 6.447322916030241E-10 1.8075322810166462E-11 1.1969583223415839E-11 1.172990210224395E-10 5.710998613098715E-9 8.755575103154653E-9 6.223823694599581E-10 1.4010576028846384E-10 3.585814162609942E-7 4.5503945422744677E-10 4.1263817857205594E-10 8.992637840180447E-9 2.0304223778488384E-14 6.069960585097524E-11 9.014765597237122E-9 6.744067571669351E-12 7.489250866658973E-7 2.434183357746669E-6 3.4906680375776585E-10 8.206871561895383E-13 1.0168452390013402E-10 
0.34303586693992594 4.930521705884641E-11 1.5534057179843948E-8 1.599546305914815E-10 5.899781609007659E-9 3.6460218596765397E-8 2.500224030353707E-13 7.5434865996224E-10 1.3773876445259623E-13 2.58975039740549E-11 3.400813142327906E-10 7.05062109205587E-8 1.9758049940820046E-10 2.2412595966402356E-9 7.707012305055805E-9 1.4128959701064451E-9 1.4779536406147396E-11 5.2463444566558296E-8 9.182698937738763E-12 5.610631804403934E-8 6.920113363841704E-5 1.6716994379225672E-15 1.3259823814999676E-10 2.2524498381802085E-5 2.4430052545789496E-10 9.241917360767767E-12 2.18638706320921E-9 4.762445335239556E-11 3.8210459407632754E-12 1.8969107454844418E-9 
0.3824202223978388 1.2892335961026017E-9 9.706710507109264E-12 7.462443551363065E-7 1.5479217544224195E-11 1.1045378682859078E-6 6.618134378725335E-12 1.903842375363402E-8 4.533153320150377E-8 2.5473488114439006E-6 7.674934651864941E-12 1.2741103912221765E-9 6.247396858235172E-10 8.191523141844633E-11 4.638893947595604E-7 3.376939920586537E-10 0.030299638363408054 9.009908684705588E-9 7.57402115370393E-7 1.6580112314108323E-9 3.862387446472995E-10 4.2105005372108777E-13 2.6867272568914345E-11 3.486733863634254E-4 2.2546770468721996E-12 3.344518852384243E-11 3.0261651738682544E-10 3.501258369754571E-13 3.1530061355818736E-11 5.537108539241471E-10 
0.45681153943063996 5.619358607649313E-12 7.879526578923775E-10 2.737793130966715E-9 3.4481909378706503E-5 4.814641516987891E-8 1.0629466411309942E-4 5.671383006421967E-12 4.546495308291761E-15 2.7108610876353642E-6 3.372368065631541E-12 7.17645565802895E-8 1.0088626599145568E-9 4.020192807712631E-9 7.786608591061863E-9 1.403192231571737E-9 1.3098210231501492E-7 2.5905075261965797E-8 1.5148921820898567E-10 5.966939529537374E-9 1.4477453199415518E-10 8.229094876045476E-13 4.754120207409011E-11 3.726562331282697E-11 8.31737694026922E-9 1.077772631323472E-9 2.633343499066302E-11 5.4813920064757014E-11 1.139828818270921E-14 2.6468942126906E-9 
0.4080167443189543 3.8685535143459846E-14 7.730004336589641E-9 1.361141115612876E-14 3.7002265130578716E-11 4.5773098916424734E-11 1.1508114691209737E-11 3.82887232710319E-11 7.46888343424626E-13 1.398862361550673E-12 1.9748645679800965E-10 3.920472060225441E-11 1.8095780150454564E-11 1.1150968659644459E-9 2.0270794158014735E-10 6.531621715206487E-10 5.465101654847599E-10 9.060281671740757E-8 3.026143371992518E-11 7.824847087051488E-9 4.101852839713104E-10 8.049194742241627E-13 1.033806529749931E-10 9.38720878421038E-10 2.162324312719284E-11 4.79620061180638E-9 2.40841902258795E-5 5.2849589358885924E-11 1.7094041985679888E-13 2.1718807175912203E-11 
0.5642262463842818 0.008493014510325289 6.502143021630253E-10 3.2408838743777086E-10 6.321440107329267E-10 1.688118520055698E-10 1.2036326462013185E-9 1.1876628774919493E-10 1.7176427599921787E-12 1.1547305161752149E-10 1.0427619264130394E-11 3.1493239973983074E-9 5.172068590615061E-10 1.328413013598429E-11 4.045765328219455E-6 2.62658659072217E-11 1.3679342360416493E-12 4.009646989354955E-10 9.555711652796854E-12 1.53643904663848E-9 2.6864083599547073E-10 6.801719315442842E-12 1.6887700343958358E-12 2.6801694093691088E-8 3.700816659909083E-13 1.8025642253911312E-9 2.02058080667997E-8 5.9229432439113E-11 4.602336298499842E-12 2.9410455001924743E-9 
0.9553851192981221 2.809910634519944E-10 3.5323053585728324E-9 3.528663625255948E-12 6.781666549111151E-12 2.2147965888519952E-10 2.8410562017258564E-12 1.3491256374045163E-13 4.7207943213331825E-14 2.1550813843238583E-10 1.0211176918302535E-10 5.621310112639346E-11 1.549326579284341E-9 2.0180816979724983E-10 2.0947633545432448E-7 9.728116381545462E-9 3.740192575605568E-11 5.126271423597368E-10 3.231537789630493E-11 4.622412979783395E-10 6.802874562218434E-8 1.6554491910418702E-13 2.4538205540740902E-11 1.337366349501454E-10 2.0785382250069456E-11 3.399205515147087E-12 1.1356989023024436E-10 3.6350552301400894E-8 4.3189559726994824E-13 2.913533974416991E-13 
0.799746747373907 2.935174673791598E-10 7.114833628594658E-10 5.839279195415222E-12 4.9768759641521204E-11 2.1328968635613034E-6 2.9074794115316523E-12 3.8637007037491163E-10 9.194670083822202E-8 1.2680905596298002E-10 2.4303512217260843E-11 2.7100570049629856E-9 1.9113490201612686E-10 8.406538454658802E-9 1.1992501421247462E-7 5.748218175698951E-12 7.66013806778652E-10 9.484803484530191E-9 9.987355707466059E-12 4.839538966843632E-8 2.895974499991338E-8 5.0712886222449476E-14 3.5849594271752117E-12 9.041496426666591E-11 2.0503971889994506E-10 1.0122978720866273E-9 1.8620266041451625E-8 1.6755780835455878E-11 3.1178285500987626E-11 2.632759403598809E-11 
0.5728148485720783 9.594446298040598E-11 1.1295393717278848E-7 3.75700047249511E-11 3.041309466918702E-11 1.9974427995925746E-6 4.7473278780774585E-12 1.184034027887112E-11 2.575837294441453E-13 7.133914601719837E-12 3.6683643072858016E-12 4.3555907940307505E-12 2.542543452618426E-10 4.343629182055321E-11 1.125771288660518E-7 5.450572433164999E-11 2.888905002135137E-8 1.4675829046733477E-7 4.319207728062056E-10 6.536210306500355E-9 2.0267554865584047E-8 2.729887217086113E-12 6.081282795093304E-11 1.3032725241308112E-10 4.996349716365778E-9 1.260530138601878E-9 2.22864566704197E-9 5.916804291718449E-11 9.279941161624992E-8 3.2939685205379534E-12 
0.5119696687859151 9.66115605164502E-17 9.32501524272095E-17 3.293494945143184E-10 7.770272773233883E-18 0.0 6.676728475578761E-11 4.062811370063924E-12 2.8094834175399963E-14 1.1193658337544529E-10 1.312289193062507E-13 3.2202103665607854E-9 1.0502517815214474E-16 1.3482729599101259E-11 4.029628195010418E-6 6.345082528377482E-13 2.3818853700710935E-16 3.9983436366618166E-10 9.273366324880622E-12 1.1207886450721242E-11 1.2744688699312E-12 2.255917297290857E-17 2.738309675778986E-18 0.0 6.722966072319314E-17 1.6254452727640137E-16 1.5667982029190935E-17 4.5351387940533046E-18 0.0 0.0 
0.9950504968952896 9.66115605164502E-17 2.4148102395514437E-10 1.1832127902186355E-10 1.0085049519236518E-10 2.325975153021285E-11 1.841452604627071E-12 7.769239624032843E-4 2.072576101785979E-16 4.057420196927888E-12 2.2536735038765096E-10 9.023123125133117E-11 5.1271027616778176E-11 2.1501533192226169E-10 1.0754094025258753E-7 1.57286672009521E-10 2.1020518539271413E-10 1.067638214538532E-7 1.4303948074661396E-11 3.0419978740003075E-12 6.831913297980954E-8 2.0037408871681984E-14 2.6757027046014936E-11 8.471049066662167E-11 1.5060040373719233E-12 1.665086668815434E-8 1.7397922263993028E-8 4.5351387940533046E-18 1.105564730290188E-9 9.209259712665348E-16 
0.24171106834891481 1.3604404613495409E-12 8.00284974814027E-10 2.3306240022516316E-13 1.3377675082192949E-11 3.230920606265986E-8 8.243676051002185E-18 1.7317603744260808E-8 3.939676314617456E-12 2.9797012190107273E-10 4.701449071216265E-12 2.8493375580392688E-9 6.136233535117157E-10 5.918816121608718E-10 3.540679653614411E-7 1.1554791954764668E-10 1.4888718517328778E-10 1.8727091379542008E-10 9.417409367950512E-11 5.127274051967162E-10 1.6077186085147405E-10 1.0670493636836175E-15 2.6522951160651018E-11 2.9718315325834804E-8 2.960039177892083E-13 1.6254452727640137E-16 2.9528157370761368E-9 1.5577550649050712E-12 4.962413942682225E-10 1.026159977547333E-11 
0.2935883680825486 2.2705140948260484E-4 5.962766789877012E-9 1.4058731676699047E-7 6.125636583128612E-12 2.7571627020287234E-9 2.7821846071099246E-10 4.672080718132682E-10 3.960031356372072E-10 5.75786839920792E-9 2.891227832417135E-11 2.236735823742057E-9 2.880936231657391E-10 7.861142025286555E-9 4.048268939304087E-6 8.584166785109913E-9 2.5530210959841797E-13 1.584353988277485E-7 3.853880299176002E-6 4.4128225803199024E-8 1.9419551934810577E-9 2.0663221070967052E-13 3.212103243254496E-12 2.7454343744076922E-8 5.129444988386997E-6 1.556263561039055E-9 8.164238342315571E-7 6.144390528972229E-14 6.8914901043223505E-12 3.074352424127476E-8 
0.10212358650199288 3.366039161413406E-13 1.4415462968840215E-12 2.8887048253981477E-10 2.9109955196296594E-10 1.6722451107047085E-14 4.0324479394734E-12 9.597864159724767E-12 8.149684698495343E-12 1.9992310395025393E-10 3.4838269907115804E-12 1.165616596111826E-9 1.6977324176498774E-9 6.195826589886253E-12 1.1299618713155895E-7 3.2323698389487957E-11 2.841462244004665E-8 1.094529208816137E-11 4.416579530862739E-10 4.5896382177734323E-10 2.163726827494144E-10 2.039036129359194E-14 6.807140880753667E-12 8.134237990812123E-11 9.335015310393046E-12 4.864901574287184E-9 7.486726708060066E-11 6.051325919080789E-11 5.353060972541641E-13 1.4783380296176554E-11 
0.9146744288237293 2.4067210395565227E-12 7.994239241595871E-9 3.1640898180621706E-10 8.907209673225634E-10 1.4294930512787875E-9 1.2178553624186868E-9 2.2850715024970576E-10 3.514071847914365E-9 1.1297825526241153E-10 5.781936002505907E-11 8.227961284016823E-11 1.8459512747334667E-11 6.215161812493584E-11 3.950708672143326E-8 4.801049270077244E-10 2.0384138252083906E-9 2.0724239085443015E-9 5.143227448234417E-13 4.608120426476446E-9 1.4481631983988748E-10 4.338655520432935E-14 1.199716536093678E-12 1.0019668698880902E-8 3.680654191221567E-11 4.815898666900174E-9 9.454171760324308E-9 6.007915253773179E-11 1.438084281436033E-7 4.528237093358977E-10 
0.6682691574445498 2.408378934235701E-12 5.3256877573310526E-12 1.5893181920381201E-12 1.939939718236042E-10 1.4257760021101342E-9 6.58264714905906E-14 6.935683334477158E-13 1.1835838534050028E-7 2.9579894803967514E-12 2.300320099506993E-11 1.3659434409114754E-9 3.5811385504564116E-13 4.417329388340363E-8 3.112418100404052E-9 9.360453771958003E-9 2.3454373818670344E-9 8.928024026293933E-8 3.306258899616028E-12 5.258971379503922E-9 5.083671877920399E-8 2.883447702697747E-15 6.882144605926264E-11 3.6555326073558406E-9 3.65943010413111E-11 3.060708459125812E-9 1.8652392790954383E-8 2.6131664080958467E-9 4.525042702344792E-10 2.332817602953063E-10 
0.8804119452416932 3.281307571222179E-14 7.778435202178337E-13 1.5395999978450987E-8 6.134088626507491E-12 4.776886014333681E-9 1.6805550135024987E-10 1.0907063970948928E-11 4.188464400202037E-6 5.5084346867841664E-11 1.0417410269334274E-10 7.001086013783019E-12 7.696508581113775E-11 2.045366497992302E-10 2.074129895055313E-7 6.468420648781352E-10 7.638935868669645E-7 3.009308562321716E-4 6.733349515921656E-11 1.673465207610135E-9 3.4059158405068113E-9 1.1514516539876954E-12 1.9280379895556657E-11 3.5334823574509472E-9 1.1672694330455655E-10 1.7933410416069274E-10 1.580300167149814E-7 7.782289773225265E-10 2.9300807917307206E-11 2.450273471364672E-11 
0.9780187256492773 9.66115605164502E-17 4.065598682741583E-11 1.309999376305747E-12 3.103209787585362E-14 1.1419860167481786E-9 6.719664317195741E-11 1.551840419162305E-8 3.1465429326470946E-13 2.249739745773801E-9 1.6798591720865063E-11 2.3211460067672233E-9 3.1512944084694916E-11 6.579478944784378E-11 1.686751014331083E-5 7.864771815609491E-10 1.7428267501172988E-9 3.075382419665557E-8 3.348227691325267E-12 4.3000331496214295E-9 3.757715152188522E-10 2.072974741917403E-14 5.511181993223103E-12 7.35813820765818E-9 1.9613101520055E-10 7.872073201682327E-7 2.2046639821567077E-11 3.064946127355429E-11 1.7450398524412196E-11 1.403418973835131E-13 
0.8726741284538514 2.682870498312051E-11 1.5467135649559566E-8 2.951748781769711E-11 8.773161467495651E-10 1.956177444603856E-10 3.1098582675520323E-13 1.2678246418958179E-11 4.604645139643556E-6 4.884543031237385E-11 1.1611653131282805E-10 5.201444659492784E-11 1.1960300548241476E-11 1.1129819847343897E-10 1.1535365510352664E-8 1.246090030057355E-11 1.1408516208440944E-10 5.54664685973417E-10 3.133274127954394E-11 6.134568145488067E-8 5.912576436092675E-10 4.6507736336196134E-14 1.1038650729684147E-10 6.065540456563908E-10 1.9927535999226032E-11 3.8602361339621916E-14 1.131147475071113E-10 1.3751724905505744E-10 4.202879628649389E-13 1.2261899535730564E-12 
0.15436607533004934 9.79417303877657E-13 6.537638079228989E-8 9.950508862764486E-12 1.6560974301586258E-10 1.375776522607307E-9 4.7626150891163636E-12 1.5243651881854806E-6 3.321795964989244E-10 7.943754698297409E-10 1.1321017202323465E-11 6.325696535480348E-12 3.662528995375265E-10 6.658155141475274E-11 8.734227071191998E-8 9.356568796880024E-9 1.7533396976928741E-9 8.983715185333693E-8 1.8086496229839958E-12 2.7337397934670253E-10 3.6168413990972644E-10 2.1388808855028334E-14 5.6580289993742074E-11 1.712128307061399E-9 4.937786804739875E-10 5.1174898950607915E-11 2.3720896984697815E-8 2.6127205015645697E-9 3.7193815781745057E-8 1.9776037598913582E-10 
0.525492822519753 1.2888122532131439E-11 3.813712224570427E-9 2.485707081526575E-10 7.650461682287247E-11 2.1655484149234262E-10 7.990045011172518E-12 3.2346837036582305E-10 7.573680308756186E-13 7.552789328516554E-11 1.8545177244639808E-11 2.340855624263015E-12 1.519946830912475E-9 6.361939938446233E-9 1.377651293242119E-9 6.183430463507805E-10 5.387000122883452E-10 7.746441607337078E-7 2.5594989204406785E-11 1.439311724401924E-10 4.101518754237626E-10 7.773781851956332E-13 1.1500956927594355E-10 4.3544333108598645E-10 2.1248682779587845E-11 1.087785648784082E-9 1.6157915961932875E-11 1.8728274193820433E-12 9.156844653006568E-11 8.799133518200945E-12 
0.9085951117332038 3.928401803313456E-11 8.656758834150409E-10 5.678858338572292E-10 9.366437213570061E-11 7.609382628266725E-15 2.9175090483511613E-12 8.128947603447458E-12 1.9746279196141478E-7 5.448390912031054E-12 3.555381655271962E-10 6.883021797784533E-11 5.953478142901437E-11 3.5324481988140534E-13 6.263391788958764E-9 6.7037277243944E-11 2.8896556536812704E-8 3.5745277351391955E-8 3.306258899616028E-12 4.19598656191477E-9 1.7607362154536947E-10 2.0777776992972704E-14 2.6929448504901574E-11 2.163829765491721E-10 3.875088831172635E-11 3.05787638663316E-8 1.8843488757372666E-8 1.1787824810500906E-10 2.3694014307562777E-9 5.21199982624918E-10 
0.9036553619422446 1.3881393051841995E-13 5.898565639281212E-11 7.132822802248506E-15 1.6187242178410987E-9 3.162742282494179E-8 3.0296041463513127E-12 3.3451403345035653E-10 3.977438463163562E-10 5.847470971568632E-9 1.405703303352713E-11 2.7421929611451372E-9 2.117366842576302E-11 5.767147656975483E-10 1.0214271328380105E-11 2.727157396464629E-11 8.369334567081045E-10 3.692494108524723E-9 3.8402630609146284E-6 7.601423988877214E-10 1.592828673200562E-10 2.084668237487609E-14 6.835748978984683E-11 2.95833329748475E-12 2.9529176770411873E-13 1.6254452727640137E-16 6.653387670953042E-11 4.5351387940533046E-18 1.1507139887495382E-13 8.417167247639472E-12 
0.9902728785560606 9.66115605164502E-17 7.114125762573123E-7 2.0162738497810338E-10 3.7274992558497516E-11 0.0 2.8536124457042474E-10 0.00839254643819887 2.072576101785979E-16 5.566078316785082E-9 2.9244699976821804E-11 0.0 1.0502517815214474E-16 0.0 1.4461053844786265E-7 1.9264241720163674E-12 2.3818853700710935E-16 9.210803395091479E-11 1.3765976386049455E-11 4.5144753969997344E-8 0.0 1.6563752452074726E-13 2.738309675778986E-18 0.0 6.722966072319314E-17 2.4414443903163125E-11 1.5667982029190935E-17 4.5351387940533046E-18 2.0608515767177829E-13 3.107541157543362E-8 
0.5728148485720783 9.594446298040598E-11 1.1295393717278848E-7 3.75700047249511E-11 3.041309466918702E-11 1.9974427995925746E-6 4.7473278780774585E-12 1.184034027887112E-11 2.575837294441453E-13 7.133914601719837E-12 3.6683643072858016E-12 4.3555907940307505E-12 2.542543452618426E-10 4.343629182055321E-11 1.125771288660518E-7 5.450572433164999E-11 2.888905002135137E-8 1.4675829046733477E-7 4.319207728062056E-10 6.536210306500355E-9 2.0267554865584047E-8 2.729887217086113E-12 6.081282795093304E-11 1.3032725241308112E-10 4.996349716365778E-9 1.260530138601878E-9 2.22864566704197E-9 5.916804291718449E-11 9.279941161624992E-8 3.2939685205379534E-12 
0.700504690755259 1.2581805997653818E-12 1.790500864703069E-9 1.28908671762555E-10 5.944417413573974E-10 3.120123493713469E-8 5.007289446485363E-13 2.589200018296233E-10 1.1907434621660212E-14 5.242388547421978E-10 4.927776774363847E-10 4.672211673575881E-10 5.737723948689181E-9 5.990012925174403E-10 2.3896892591656536E-10 4.6221891855441984E-11 5.317877667240614E-11 8.175254923551442E-10 5.811767624206272E-10 6.38110336819704E-11 4.661286032164404E-11 2.255917297290857E-17 3.6591931250703795E-12 4.400843259858564E-9 7.95942044299884E-15 5.800262340011174E-12 5.08606125378861E-11 1.166373007487067E-10 8.2935090221399E-11 1.0947501547045378E-11 
0.7113753282232498 3.153185649161861E-10 8.145296599207958E-9 9.760453698147562E-10 8.613896615096336E-10 1.3863801179844428E-9 3.5236224571333823E-13 6.244174087262912E-11 3.986140463992565E-14 3.0920825027687805E-10 6.749926529331297E-11 0.004500531256170711 6.3189234864336554E-9 2.2284799561724425E-9 3.591676945902444E-9 4.6392200886389043E-10 1.4065691596886747E-10 8.012808369125883E-12 5.7311785762199446E-11 6.103528595189761E-9 1.1056191971225529E-9 3.916977374577972E-12 7.103925908459959E-11 9.44400149562533E-9 8.417004233759402E-11 1.0899249514583445E-9 1.1406105401142204E-7 7.579904105611872E-10 6.891867978484864E-9 8.521623604280925E-12 
0.3625389157096018 2.5798432383429644E-12 8.020088827452312E-10 2.6216754871723227E-8 5.125287847644963E-5 4.1837258500067116E-11 2.4498690031047893E-6 7.612864256775618E-12 3.1098505328072204E-15 4.763420889285487E-11 2.05401048155931E-11 3.1143348119570356E-13 1.1709946505645072E-8 5.130689616510723E-13 7.779616481841332E-9 1.4561998052235198E-9 1.7183334020081849E-9 1.5590474173387203E-9 1.4843897124687713E-10 2.528510969594149E-12 3.126983278916236E-6 2.255917297290857E-17 1.1253720274293196E-13 5.001860013240123E-13 2.0286888860735036E-10 2.496187350737858E-10 1.5667982029190935E-17 4.741173545007418E-11 5.719923347320848E-13 1.89782469384378E-9 
0.5033072553984541 9.896765406938414E-11 5.306429337431418E-12 3.1034629618718302E-9 1.8389656387817586E-8 2.60426504998373E-7 3.4591711259816525E-13 2.0764037509445093E-11 3.776917356665382E-13 4.43220717405993E-9 8.465970322555171E-12 8.31328285693417E-9 2.7554789260132977E-11 1.3086760463742753E-9 1.0537533668002566E-8 1.5796545575200452E-10 2.2760622118673008E-8 9.624060386135467E-8 1.2871519791110394E-6 6.748576610860649E-9 1.9992599707220362E-8 2.8103432735471677E-13 2.6198258529420046E-12 1.2709673935186424E-10 5.08147859349787E-10 1.843956039681208E-11 1.5877627600537815E-8 5.872274320342104E-7 2.0346861597843784E-9 8.354414988093519E-11 
0.16261788254896892 2.8521738587142393E-13 2.3107088710146627E-9 3.7317648930030987E-10 1.0473828030539195E-10 5.743787747177762E-10 4.987697603862734E-12 1.231221462549817E-8 1.9141925367407546E-7 1.7359580607226402E-10 9.091186951998898E-12 2.714664542957656E-11 1.5693779843880897E-9 4.470410033401834E-11 1.7784949833660465E-9 5.052111719680953E-10 1.0610143807897229E-9 2.7760739941068493E-10 2.8675896835360782E-5 1.6871321743378186E-10 8.076527415083597E-10 1.2352388849765137E-13 2.5061427842855946E-10 1.5133445046129358E-7 2.125975531530137E-11 8.315043580407022E-10 2.6368411279689188E-8 1.9795363492796403E-10 4.621907947655113E-10 1.2801171559689836E-10 
0.2102600503466016 2.0855346205309603E-11 3.026293279002941E-9 2.633064674946793E-10 2.595466091212286E-11 2.04600977569805E-8 1.5081846941203735E-15 3.444634297218342E-10 3.886580388825541E-13 7.126907023338911E-12 1.8570246920777033E-11 8.35524543050116E-12 3.7983812983402826E-11 4.195413977194877E-11 5.730688659271604E-6 4.5811482107294264E-10 5.337524159564094E-10 9.958281823427041E-11 4.718853686660319E-8 5.7082254620399435E-9 4.093892283362704E-10 1.895690671595566E-12 2.9089476536519667E-11 5.733186634778433E-11 3.6280197269621996E-12 1.0974326525034233E-9 6.989584947760644E-9 8.853502471451014E-12 3.8907298318131494E-9 2.5611940976659837E-12 
0.9306594088234159 5.971934557477778E-13 3.5694266794516554E-8 7.475931580158711E-7 8.476232309331941E-10 1.0511835246506955E-6 6.670937541758062E-12 1.6007895217689287E-8 1.0907728082117836E-13 3.0842166510124017E-12 1.1984011015006472E-7 7.036934284590826E-8 6.197731293260704E-10 5.827586389809972E-12 2.2337471160669002E-5 3.022826731834574E-11 1.734538038590294E-10 1.7173480216301495E-8 4.446066202050968E-10 5.629901762560721E-10 1.0070332324851469E-10 5.059004127485766E-12 1.3427570931970285E-10 3.9435923220369456E-10 2.253523425274723E-12 1.0875429171021857E-9 5.502031733757665E-11 3.532375862946475E-11 8.41404007678971E-6 5.542784753724955E-10 
0.53822377592673 2.79704279740015E-10 2.401695918848506E-10 1.7072809032893474E-9 2.7812856030622252E-11 1.195210990679153E-9 1.3297451777486E-9 1.4983785578477563E-8 8.263961594183263E-12 6.429299358283467E-11 3.6468492886941126E-10 3.1493239973983074E-9 2.965364695129123E-10 2.0664576377832673E-12 4.046189063174169E-6 4.767373674135265E-11 4.183421273583299E-12 4.012197309749957E-10 2.9834869574403874E-11 1.2556907771855668E-9 2.092217172681141E-10 7.597930142765558E-12 2.4987864538074155E-11 8.300745243435321E-10 3.700816659909083E-13 3.9602975036333097E-10 2.2589285718498553E-5 4.4482460742293654E-11 3.098196052122033E-11 2.5450643770820724E-9 
0.5229471531349369 2.288827636347245E-4 1.204260172502421E-9 3.596009804799733E-10 8.584625709313946E-10 9.647182261967679E-9 4.7358822745295765E-12 4.025646988735518E-12 7.660470825569172E-13 2.9245429449815114E-10 3.602289819551121E-13 1.1980182844999326E-9 3.256354042027642E-10 9.902179881657802E-11 1.148859038033484E-9 6.164168171929181E-10 1.6199181880840226E-9 9.179729368399355E-10 4.386226513728916E-10 1.1702430199162515E-10 4.100838502085345E-10 7.513247688045691E-13 1.6046921847229905E-11 1.5877931839259295E-9 2.5585965332469384E-10 1.0777626225200503E-9 1.6771363822582926E-8 1.449714799040691E-10 6.842649289142003E-12 1.055446006599994E-11 
0.9283925109187343 5.971934557477778E-13 3.5694266794516554E-8 6.303265070706242E-7 8.476232309331941E-10 1.0511835246506955E-6 6.670937541758062E-12 1.598879788494969E-8 3.073921742841483E-13 3.0842166510124017E-12 7.311455140063166E-9 7.036934284590826E-8 6.197731293260704E-10 5.790222958627212E-12 2.2337471160669002E-5 3.0242395856988463E-11 1.7979127604223048E-10 1.7230343187561983E-8 1.550212731970173E-11 5.68138321788244E-10 1.0070332324851469E-10 5.059004127485766E-12 1.3427570931970285E-10 3.9435923220369456E-10 2.253523425274723E-12 1.0875429171021857E-9 5.502031733757665E-11 3.5333279720082975E-11 8.41404007678971E-6 5.542784753724955E-10 
0.8378136485381745 2.824795796855375E-12 2.449398045188624E-10 6.561625407634486E-9 1.2071992351598867E-9 1.195210990679153E-9 4.843582004581436E-9 1.8806918412498202E-10 0.010241225024633014 6.429299358283467E-11 5.922204121283369E-11 6.486964861874711E-11 3.3388402748032E-10 2.7829722769238088E-12 4.248793456936721E-6 3.244101359355185E-11 2.8829621611830996E-11 6.825005016628562E-10 8.205183242452174E-11 4.613431730863798E-9 1.9091667528197039E-10 8.017972049649041E-13 2.1536583012336122E-11 8.336092051457989E-10 1.09873700345096E-11 2.7737112963083996E-11 6.568525997403336E-7 0.0026050308866901275 4.475946290480255E-10 9.528174076532736E-11 
0.7842752884685043 1.6818496452182352E-13 1.2205371561465548E-8 5.7447322105448995E-11 1.4251905927077946E-11 4.041563228259498E-10 5.9401321942841106E-12 1.5579484696731903E-8 8.669177034497054E-13 3.630825384809768E-12 2.968842073565628E-9 2.8493375580392688E-9 6.034581649797929E-10 6.175470852038153E-10 2.7433648666703866E-11 2.2433669950594815E-13 1.4072175050206352E-13 8.00530854490369E-12 2.2757727678965434E-12 1.4374130939402103E-12 1.7066903705369994E-10 1.6588078815425885E-16 1.1380597642468357E-11 1.1280964350478658E-10 2.877894534636494E-13 1.6254452727640137E-16 2.148600114100727E-9 4.5351387940533046E-18 1.8121968045117368E-14 0.0 
0.8726741284538514 2.682870498312051E-11 1.5467135649559566E-8 2.951748781769711E-11 8.773161467495651E-10 1.956177444603856E-10 3.1098582675520323E-13 1.2678246418958179E-11 4.604645139643556E-6 4.884543031237385E-11 1.1611653131282805E-10 5.201444659492784E-11 1.1960300548241476E-11 1.1129819847343897E-10 1.1535365510352664E-8 1.246090030057355E-11 1.1408516208440944E-10 5.54664685973417E-10 3.133274127954394E-11 6.134568145488067E-8 5.912576436092675E-10 4.6507736336196134E-14 1.1038650729684147E-10 6.065540456563908E-10 1.9927535999226032E-11 3.8602361339621916E-14 1.131147475071113E-10 1.3751724905505744E-10 4.202879628649389E-13 1.2261899535730564E-12 
0.9485723161000482 2.809910634519944E-10 3.5323053585728324E-9 3.4440723216842215E-12 6.781666549111151E-12 2.1656485506820028E-10 1.909568102674478E-10 4.3416390222562725E-13 8.178699424814517E-12 2.1550813843238583E-10 6.927263549949256E-11 5.621310112639346E-11 1.549326579284341E-9 2.0180816979724983E-10 2.074129895055313E-7 1.3631637646345438E-10 5.38685507809891E-10 5.233702832688309E-10 3.231537789630493E-11 4.60789737076789E-10 2.1605776101212584E-10 4.569334757746753E-14 2.4538205540740902E-11 7.093617556815853E-9 2.0785382250069456E-11 3.399205515147087E-12 1.1356989023024436E-10 3.6350552301400894E-8 4.3189559726994824E-13 2.383371493797186E-11 
0.7399801978206898 9.66115605164502E-17 1.2078358856168893E-11 1.39589110370534E-16 5.400810427137112E-7 2.1320138145093504E-8 8.243676051002185E-18 4.131103679573715E-9 4.1239609993321305E-15 2.5069618296109235E-9 3.2339159834026535E-14 0.0 1.0502517815214474E-16 4.1672467188156324E-11 2.704035975891832E-6 3.2471897937374417E-11 3.1653032588935466E-8 1.508200360905416E-11 4.394982479239811E-10 1.421301270185236E-12 0.0 2.7597437478910335E-15 1.335926371615335E-10 5.466403493705029E-7 3.6528146167535896E-14 1.6254452727640137E-16 2.7706340882617644E-11 6.000188973664629E-11 6.420040455988715E-14 2.493143437754771E-12 
0.5380257079817895 3.863932244649856E-11 2.432171110180154E-10 1.0265373827295459E-10 1.466958990124099E-10 7.659587349936791E-10 3.534771884139217E-12 1.514534520543789E-8 4.2629160242953695E-9 1.8235148683205032E-11 5.35058059348348E-11 3.1592864620510817E-9 1.5364142883611025E-9 1.3921375817705452E-9 4.1521584585347435E-9 7.710298553266727E-10 1.0888837772109715E-9 2.8367803594037338E-8 5.5529629370401005E-9 1.2689844722654193E-9 2.2284894813278554E-10 1.3405845304375228E-14 3.9933070183056646E-11 1.5020946204498813E-10 2.870728390905953E-14 3.563477537411902E-10 1.6978049204243E-7 4.402093677795603E-11 3.664926545569246E-11 5.25807331760809E-10 
0.962055100273953 2.937915586433437E-10 7.114833628594658E-10 6.785926310275059E-9 8.103724189915547E-11 1.1848949008071208E-8 1.4326041783402468E-13 6.548258835098607E-10 9.112857087567264E-8 1.2566755853368105E-10 2.4303512217260843E-11 2.6446078363841197E-9 1.9113490201612686E-10 8.406538454658802E-9 1.216886388502239E-7 5.748218175698951E-12 7.66013806778652E-10 9.484803484530191E-9 7.908791113598996E-11 1.0361361511084085E-10 2.895974499991338E-8 5.0712886222449476E-14 3.5849594271752117E-12 8.720037819189416E-11 2.0503971889994506E-10 9.367155466831431E-10 5.537995836273744E-8 5.491908800732665E-10 3.1178285500987626E-11 6.457394674708672E-11 
0.3374629727545444 1.2666674625017643E-11 9.515469579310312E-10 1.0934953273711851E-8 5.110182623017564E-11 5.1263348840275224E-11 5.672400929404547E-10 3.284347183457765E-10 2.211766160053999E-12 6.995531294915044E-11 3.821581484698541E-10 9.020575726775864E-11 4.135550620342795E-12 2.1249971543753529E-10 3.4638626832472787E-10 1.461064266936574E-10 5.409784247894791E-10 8.28655385033926E-7 5.875124120208853E-10 1.4507598497941425E-10 3.9464728393399104E-9 2.3077248623877732E-14 2.510989525772152E-11 2.8131836449732945E-10 1.1038103479421254E-11 1.075525376220742E-9 1.4753264148054435E-8 3.472257330209938E-13 1.4360378881055313E-13 8.452094894235687E-12 
0.7589691945740081 9.758532917536672E-11 3.2255928128813225E-10 1.8680784979866796E-9 1.2557087755792585E-11 3.9264034072174266E-12 2.340555598089381E-10 4.036494921489184E-11 1.7071630724908715E-12 3.632192486501257E-10 1.84604410958283E-11 3.1493239973983074E-9 7.794124843943591E-12 1.3282724991450682E-11 3.7873517371904034E-6 3.19792150787087E-11 4.183421273583299E-12 3.98301527060016E-10 9.555711652796854E-12 1.2556907771855668E-9 2.6864083599547073E-10 6.802964800794201E-12 7.664892783752502E-14 2.727372298477495E-8 3.700816659909083E-13 4.739640480777137E-10 4.6378667678551724E-7 6.017148549955554E-11 4.6192372531109666E-12 2.64271159108274E-9 
0.7436857576427227 3.151418182973339E-10 2.401695918848506E-10 5.400436765735971E-14 9.008121144158353E-10 3.226270215505903E-6 2.9005082750233137E-10 4.0665013063831935E-10 3.236149854187939E-11 7.21774778662159E-9 1.0934585540583175E-10 3.3263777876590967E-7 3.359191370706711E-12 7.81624044029516E-9 6.150902640651916E-9 6.032534521415319E-10 1.3695085802271958E-7 9.472210870507794E-8 3.607205725551481E-11 4.6791309860655826E-8 2.0300140708155176E-9 3.801819372184196E-12 7.118476554074462E-11 2.7861594848138495E-8 1.2711923515329422E-10 1.1381422185728722E-9 1.2241207211237326E-7 1.710727236584865E-10 6.8752339775916124E-12 4.657365923545819E-11 
0.7202995477113314 2.79704279740015E-10 2.6966184229783E-11 6.364301874510944E-9 1.1816512161649772E-10 1.195210990679153E-9 4.770881818085941E-9 1.3604377485075247E-10 1.9236261370748322E-7 6.625760094253304E-11 3.6468492886941126E-10 1.4302286195716644E-9 3.3756347931688557E-10 2.0664576377832673E-12 4.046189063174169E-6 1.7634457859320087E-10 4.183421273583299E-12 4.012197309749957E-10 2.1055318757451186E-10 4.134095496317506E-9 3.177939299981444E-11 7.597930142765558E-12 2.5109998218268555E-11 8.810659468954018E-10 1.1313996934877849E-11 1.0755648543065118E-9 1.1090325063142728E-7 7.914855341676316E-11 1.53642279163306E-12 8.314133345399989E-12 
0.7756421491680088 3.864583541486884E-11 8.020088827452312E-10 2.6216754871723227E-8 3.715745110394433E-7 4.1837258500067116E-11 2.476407553389396E-6 7.612864256775618E-12 3.1098505328072204E-15 1.1470625690905643E-11 1.9732979017003987E-11 1.0406661792100979E-11 1.1709946505645072E-8 1.3068105617988417E-12 7.779616481841332E-9 5.459160365412661E-11 1.841634935021992E-9 1.5590474173387203E-9 1.3827063166010904E-10 2.528510969594149E-12 4.83713171597958E-8 2.255917297290857E-17 1.2124955198548663E-11 3.6989602129770275E-13 2.0028364997954117E-10 2.439641348691021E-10 1.5667982029190935E-17 4.741173545007418E-11 4.458471383717749E-10 1.2170185420329902E-10 
0.723576460041231 2.809910634519944E-10 6.578448074303777E-10 1.978324134752025E-11 6.781666549111151E-12 2.1591212585958765E-10 1.966715508992934E-10 4.3416390222562725E-13 2.060172733032949E-12 2.1550813843238583E-10 3.4676243074609274E-12 5.651647835140681E-11 6.393676451127073E-11 1.0512186515355913E-11 2.925126932202508E-6 1.3631637646345438E-10 5.393950535847672E-10 4.83430800948314E-8 3.23203135749599E-11 4.60789737076789E-10 2.159724732573658E-10 4.569334757746753E-14 1.6082392156401968E-11 6.6040644828432995E-9 6.312127311659418E-10 1.079151389014163E-11 1.7974088077024648E-8 3.6350552301400894E-8 4.3189559726994824E-13 2.2801122239221586E-11 
0.2501795728301166 1.3869496395823028E-13 4.7809891770562984E-12 2.3306240022516316E-13 7.49573980529667E-12 3.294491929772657E-8 2.247071568598029E-13 1.5244163288950596E-9 3.977438463163562E-10 3.3114993213905343E-10 4.701449071216265E-12 2.7670016915692794E-9 1.9105954219659037E-10 5.963470629551793E-10 0.0 8.562027716306762E-9 1.4888718517328778E-10 5.417085374768567E-10 3.8402630609146284E-6 6.174202036415979E-10 1.6015199728620598E-10 1.0670493636836175E-15 3.754626499619072E-12 8.050283866759025E-9 2.960039177892083E-13 1.6254452727640137E-16 2.148600114100727E-9 4.5351387940533046E-18 2.0022369531205292E-11 1.734967822377255E-11 
0.9847913463511135 1.966632742852097E-12 3.0932262776101115E-12 1.8674672853252546E-9 7.13681181505886E-9 5.688432205895501E-9 3.469908863558292E-11 1.1275591454858834E-10 1.604636599450825E-10 3.394728899084924E-16 1.1739226883751917E-12 2.5882860901771884E-9 4.430548478912711E-10 7.935178014913727E-9 5.179422123492477E-7 2.5626138427950084E-12 1.9586321114996023E-13 3.1448583682646585E-8 5.510414245587219E-9 4.623605651846931E-8 5.152305619043266E-10 2.2259493354187895E-14 1.3730336303132411E-11 3.3088688741914235E-9 6.811693029997455E-15 3.328455789195172E-9 1.5539841223743814E-8 4.5351387940533046E-18 7.778967987364139E-12 5.226513781653481E-10 
0.8573381084055639 1.9301554211451465E-11 3.134820981309654E-7 1.2287989731068864E-4 1.2862204027413884E-12 5.3168721154472715E-9 9.501082022049962E-14 1.0643377169015752E-11 2.566711101984166E-14 5.20895838258759E-11 1.8719419176036287E-10 7.69194943793068E-11 7.803032724400675E-13 1.149280000532332E-9 7.823080505203308E-9 4.1596979313261265E-10 6.185034803864914E-7 1.6705330220980992E-9 2.82743802175695E-10 1.9760978037640963E-12 7.899623434132463E-10 9.846104418865386E-15 1.2655707052297467E-15 3.429771658614996E-9 6.447653121246305E-11 4.2354919777153334E-5 5.073198684215132E-13 9.209440976049548E-12 0.008419825167896099 4.0881197755962745E-12 
0.6116101391176694 2.288827636347245E-4 6.78597911651666E-7 1.5929916036522078E-7 8.821863204959771E-10 9.647492879322086E-9 2.8546624525325584E-10 9.918399133651542E-12 8.106484133098868E-12 5.771507205954119E-9 2.91052475171166E-11 1.1980182844999326E-9 3.2533465492463837E-10 9.902179881657802E-11 1.4272111918063725E-7 3.7082185951414614E-11 1.6315058170014135E-9 1.356857876101929E-9 4.4537764030265474E-10 4.5250050962727345E-8 1.964565902747262E-9 6.876102988708628E-12 1.6046921847229905E-11 1.5877931839259295E-9 2.5585965332469384E-10 2.4508238001351075E-11 3.977012685219855E-8 1.5062085290664438E-10 6.939217824814095E-12 3.0091130036626085E-8 
0.210586528934255 5.88308257924238E-12 3.063508252377415E-9 2.821813657189091E-9 2.595466091212286E-11 2.04600977569805E-8 1.5081846941203735E-15 3.444634297218342E-10 3.886580388825541E-13 7.126907023338911E-12 1.9048071200083735E-11 8.35524543050116E-12 4.7666987241315055E-11 4.195413977194877E-11 5.730688659271604E-6 1.3864406290108172E-9 5.619698017322677E-10 2.3905773824689184E-8 4.718853686660319E-8 5.703004260965761E-9 4.0811098399113686E-10 1.7887492937862908E-12 2.9089476536519667E-11 5.733186634778433E-11 3.6280197269621996E-12 1.0974326525034233E-9 7.142725361968995E-9 8.853502471451014E-12 3.918987258363605E-9 2.6662328058354903E-9 
0.698261679852279 1.8443283005003414E-15 1.2659076550569229E-9 3.4652930880323467E-13 2.5864402078636594E-10 1.8622717540222887E-9 2.471310928176907E-13 1.1878738735941823E-8 1.4606018819635125E-8 6.93144081767456E-9 8.574372731963458E-12 2.5182746699098967E-11 3.269240986289436E-12 2.1322328390569525E-9 8.421539185776792E-11 1.7111618685845138E-10 1.5220353625664896E-7 1.6912467271553495E-10 2.3399616679056706E-10 4.962794107440647E-10 3.594862018184069E-10 6.879754339508344E-14 6.028936964028385E-11 9.88007496077861E-9 8.026612086781243E-12 5.9517099870566015E-8 4.924541503129037E-8 3.0547975008649237E-10 1.901241165958663E-11 7.788813602977098E-13 
0.9247237972515859 0.008493014510325289 6.348181289156374E-10 3.2408838743777086E-10 4.785896439304611E-12 1.4773174172228264E-9 1.1913441864886094E-9 2.2929053040877604E-10 1.7461051723507848E-13 1.1547305161752149E-10 1.0426422014594199E-11 3.1493239973983074E-9 0.009739016216658552 2.4871064434784413E-12 4.200367124278698E-6 2.7637685130199097E-11 1.6030452823717747E-8 4.009646989354955E-10 9.555711652796854E-12 1.53643904663848E-9 2.0101571197751623E-8 1.4189669724546165E-13 6.163965749806275E-11 2.6801694093691088E-8 4.5214201670832135E-12 1.8025642253911312E-9 2.02058080667997E-8 5.9229432439113E-11 1.011629299750615E-4 4.5683886238772336E-10 
0.7125617300334224 2.7590485549482756E-13 2.3747373144171956E-9 1.1700038005102044E-10 5.114176010858675E-11 2.39360710000284E-11 4.578191969513971E-8 9.828931782003987E-10 3.3804468353946475E-6 2.2802630540468164E-10 3.770961097916481E-10 1.0039514268484251E-10 6.11696040890448E-9 7.018694137410724E-13 1.0299300298637545E-7 9.25655812364113E-9 5.361468531993802E-10 6.526974800592797E-9 7.596104848038762E-11 4.937195444396794E-9 1.2797059254103307E-10 1.5563878648840233E-13 7.946734819945065E-11 1.65116053735255E-5 1.8381405982267134E-13 2.986429365216739E-8 1.9682678254937065E-9 3.397690749866865E-13 4.494035333900429E-11 2.7095022040280708E-11 
0.6042008417705389 6.518370076577152E-6 4.8139700573716455E-11 7.016914939186249E-9 7.494579667916871E-12 3.1811986277166746E-8 1.7725623277664692E-12 6.666219137437092E-11 3.425433430643758E-11 3.2994088994094074E-10 4.973799918661913E-14 2.763283956344338E-9 1.9024953182838867E-10 5.767147656975483E-10 0.0 9.306721186025689E-10 1.4857131082183845E-10 5.417085374768567E-10 5.0885113696141553E-8 6.194549688851451E-10 2.0567521168188506E-10 1.0670493636836175E-15 3.754626499619072E-12 8.050283866759025E-9 2.9529176770411873E-13 1.6254452727640137E-16 1.2766393718466706E-8 6.651835519376589E-12 1.1507139887495382E-13 2.1917829420234313E-10 
0.9485723161000482 2.809910634519944E-10 3.5323053585728324E-9 3.4440723216842215E-12 6.781666549111151E-12 2.1656485506820028E-10 1.909568102674478E-10 4.3416390222562725E-13 8.178699424814517E-12 2.1550813843238583E-10 6.927263549949256E-11 5.621310112639346E-11 1.549326579284341E-9 2.0180816979724983E-10 2.074129895055313E-7 1.3631637646345438E-10 5.38685507809891E-10 5.233702832688309E-10 3.231537789630493E-11 4.60789737076789E-10 2.1605776101212584E-10 4.569334757746753E-14 2.4538205540740902E-11 7.093617556815853E-9 2.0785382250069456E-11 3.399205515147087E-12 1.1356989023024436E-10 3.6350552301400894E-8 4.3189559726994824E-13 2.383371493797186E-11 
0.8017684163661964 9.66115605164502E-17 2.6733508038389323E-7 1.39589110370534E-16 2.552074216753983E-10 0.0 8.243676051002185E-18 3.809961475698315E-17 2.072576101785979E-16 2.284505874459767E-16 5.329281725070695E-17 0.0 7.911257896141503E-11 0.0 3.648663809749338E-9 5.325924981096106E-17 3.830395933622894E-11 0.0 6.712992033490194E-12 6.647906426845814E-17 0.0 2.7823384638308807E-14 8.312531709779374E-10 6.376112078576093E-9 6.722966072319314E-17 1.6254452727640137E-16 1.513338689111642E-12 4.5351387940533046E-18 2.5500519525356248E-12 0.0 
0.7500669254305093 3.554382405505966E-13 7.994239241595871E-9 3.1640898180621706E-10 8.907209673225634E-10 5.058975904125831E-11 1.2186048128186364E-9 6.472492506649837E-11 1.0266854974655434E-14 2.091063108850108E-10 5.608464783409508E-11 7.909945374894786E-11 1.8129955373343135E-11 6.215161812493584E-11 3.984520696388358E-8 4.778762613263776E-10 1.3761357624452946E-12 1.43998305212368E-10 5.143227448234417E-13 4.608120426476446E-9 1.4481631983988748E-10 6.798543990620653E-12 2.4615808760813006E-12 1.126227657575613E-9 1.9688310111419605E-11 4.7726323648777336E-9 9.177632892117149E-9 6.007915253773179E-11 7.79566286593501E-8 4.528237093358977E-10 
0.07319674061519577 3.153185649161861E-10 1.6250079267072447E-10 9.760453698147562E-10 2.130474535963892E-10 7.686312765513913E-11 3.5236224571333823E-13 1.1956113556615936E-11 3.986140463992565E-14 4.1390039411988845E-10 6.749926529331297E-11 0.004500531256170711 6.3766880967779095E-9 2.208305184381793E-9 3.591676945902444E-9 4.6392200886389043E-10 1.4065691596886747E-10 8.012808369125883E-12 1.4784563982262829E-8 6.103528595189761E-9 1.11878692289289E-9 3.916977374577972E-12 7.103925908459959E-11 9.44400149562533E-9 8.457130522120471E-11 1.0899249514583445E-9 1.1881487431033317E-7 7.579904105611872E-10 6.891867978484864E-9 8.521623604280925E-12 
0.7629390205474719 6.735874375367475E-6 3.265165922115469E-10 1.5690936178561322E-7 1.711939309652654E-9 2.2448760971416383E-10 2.877550500160467E-10 1.1974129973363548E-11 5.397229642095789E-13 8.49865073415289E-9 3.104574669372334E-10 1.1827585568930916E-9 1.8168409862393836E-11 5.192979906563765E-11 3.759639177861577E-8 3.467100574867635E-8 1.6623135840072335E-4 1.3475701296273234E-9 4.931642947535896E-10 4.6791309860655826E-8 2.0300140708155176E-9 6.9217923578302156E-12 8.71817955122098E-10 6.741714864932601E-9 1.9928252226381868E-11 5.667236126865549E-10 2.8864353270224285E-8 6.01535016303028E-11 6.448031347597496E-12 4.360800961841155E-10 
0.7528851722592883 3.5714353812963637E-13 5.3256877573310526E-12 3.1882257231674524E-12 1.939939718236042E-10 6.309021627384994E-11 2.06116187608069E-11 1.3285030921019265E-12 5.060153149415301E-9 3.934661166542379E-10 1.5738216540222048E-11 1.3659434409114754E-9 2.632520089376987E-13 4.417329388340363E-8 5.792248148581626E-10 9.360453771958003E-9 1.9533878264281788E-11 8.920397284118772E-8 3.3087089551289856E-12 5.318835303817101E-9 5.083671877920399E-8 6.929374950462927E-12 6.882144605926264E-11 3.6555326073558406E-9 1.6274489788684957E-10 3.060708459125812E-9 1.560478847604166E-8 1.9465957205605628E-9 1.5889291219709932E-9 2.332817602953063E-10 
