32507.0 -77.0 5343015.821362905 
30663.0 26.0 4952365.134222657 
31870.0 -103.0 5791495.7166652605 
31014.0 -22.0 5097047.998261238 
30124.0 60.0 5197154.722567259 
33860.0 -116.0 5707395.537046008 
33173.0 -141.0 5855063.627957827 
30781.0 95.0 4918767.454589726 
30584.0 0.0 5334035.3853794895 
30858.0 -7.0 5094475.009523614 
30289.0 41.0 5076828.028063296 
32103.0 -75.0 5292851.448344539 
31588.0 -68.0 5215441.863803297 
29975.0 83.0 5304490.814470779 
31874.0 -109.0 5425907.682698234 
30148.0 32.0 5322045.39896376 
30693.0 -14.0 5328402.880165355 
31792.0 -80.0 5793719.393424507 
31499.0 -95.0 5874421.522656897 
30356.0 23.0 5130298.519765808 
32937.0 -110.0 5465524.042365937 
30686.0 15.0 5183133.484387858 
31232.0 -65.0 5294101.773948504 
32720.0 -76.0 5281064.435688673 
30579.0 5.0 5225223.423452462 
30510.0 -47.0 5669579.538370673 
31802.0 -98.0 5570993.226165317 
30323.0 16.0 5423018.515820307 
32030.0 -51.0 5185959.257944434 
30711.0 -31.0 5314276.83298725 
31272.0 77.0 4907870.0676960675 
30251.0 1047.0 5009131.161103603 
30629.0 -1.0 5458825.408459177 
32616.0 -99.0 5378399.809595043 
30895.0 -48.0 5313319.405419629 
32626.0 -124.0 5800200.3678191425 
31866.0 -37.0 5052963.478613887 
29866.0 60.0 5593139.137245571 
30706.0 8.0 5073616.341978142 
33565.0 -162.0 5967783.054354975 
30634.0 187.0 5010416.073979608 
31131.0 -61.0 5900082.610837538 
31545.0 -67.0 5555378.711026129 
34145.0 -140.0 5766667.825704378 
29810.0 100.0 5541024.739842137 
32732.0 -135.0 6087819.236647366 
30569.0 -25.0 5519784.57660284 
32238.0 -114.0 5641835.883307911 
30541.0 13.0 5473473.5032754075 
31184.0 -58.0 5294222.939769258 
32219.0 -76.0 5313278.892465225 
