32282.0 -114.0 5699003.710320602 
31540.0 -19.0 5515586.809960896 
31762.0 81.0 5309239.13832599 
31054.0 48.0 5466112.851850666 
31356.0 -40.0 5579590.752614784 
33408.0 12.0 5256572.001993764 
31657.0 21.0 5331104.918782361 
32388.0 -15.0 5387555.445283457 
31039.0 166.0 5044651.431267539 
31793.0 -23.0 5511083.147014399 
31735.0 83.0 5330770.169291809 
32316.0 -29.0 5443952.210322004 
32428.0 -51.0 5324947.921277387 
32666.0 79.0 5152449.0513821 
29634.0 84.0 5095700.631896306 
31977.0 69.0 5311280.452794401 
32843.0 -103.0 5544921.841764629 
31030.0 44.0 5677050.149420203 
31063.0 34.0 5493801.76232945 
32159.0 -66.0 5579580.609440923 
