32897.0 -35.0 5343676.389894307 
32833.0 -32.0 5443543.4668932725 
31799.0 -53.0 5668531.583973023 
31931.0 -46.0 5633138.179651784 
31785.0 -55.0 5753731.024075509 
33109.0 -60.0 5449044.951700047 
32051.0 -41.0 5615267.123868473 
32152.0 -51.0 5523256.3704723185 
31700.0 -30.0 5438810.148540888 
30237.0 103.0 5079016.424990195 
32140.0 -57.0 5542317.248463381 
31233.0 36.0 5048626.055731099 
30843.0 63.0 5122818.63078602 
32203.0 -98.0 5879456.28452311 
32166.0 -69.0 5530684.4569712095 
30337.0 -26.0 5188861.9353591995 
31756.0 -46.0 5890045.826649164 
35152.0 -137.0 6429905.438253136 
30306.0 15.0 5645634.841825638 
32839.0 -132.0 5550317.2273232285 
32608.0 -71.0 5474691.584091063 
32761.0 -30.0 5354127.014682407 
32395.0 -74.0 5840121.1956745945 
32644.0 -92.0 5766562.685257585 
31902.0 -67.0 5898406.127107989 
31802.0 -75.0 6028978.889174958 
