34538.0 46.0 344888.1525182059 
32469.0 2026.0 275753.95120134787 
32841.0 50.0 439737.58960098366 
32013.0 147.0 285886.93780034 
33843.0 36.0 347583.9667310994 
32386.0 24.0 533296.1494414204 
31569.0 696.0 355871.99593606516 
32940.0 49.0 349225.5805930169 
34064.0 1626.0 271744.5105937757 
33386.0 59.0 322414.639475678 
33454.0 5.0 506125.982684204 
32677.0 115.0 284909.35359276546 
32361.0 56.0 390399.72621142416 
34552.0 26.0 384075.1580820046 
31456.0 1332.0 340517.11847367324 
34638.0 10.0 466082.4289138275 
32852.0 10.0 697594.7806587971 
35498.0 9.0 365098.158126439 
32329.0 145.0 497683.50242075545 
35278.0 3.0 421138.72599904943 
32207.0 3643.0 280739.6435946682 
33226.0 28.0 380315.6632647076 
33513.0 0.0 472297.6173671342 
34999.0 23.0 422455.2453423885 
32912.0 23.0 441268.98726334184 
33142.0 42.0 398766.78893910395 
33763.0 375.0 280145.2485164781 
33150.0 94.0 343126.58120175137 
