33035.0 372.0 372418.9178189033 
33415.0 899.0 401365.40626807144 
33953.0 72.0 410998.51623863156 
33918.0 3184.0 352889.9054863182 
35037.0 1999.0 494294.4640991182 
33329.0 297.0 455890.2135555326 
35968.0 341.0 385878.71035242605 
33611.0 135.0 589501.1675602413 
34391.0 2473.0 356549.75364524464 
34594.0 1603.0 387443.93135047413 
35585.0 2295.0 422361.6976529757 
33142.0 42.0 398766.78893910395 
35015.0 186.0 604374.8048137329 
34816.0 863.0 466477.2470349331 
34390.0 157.0 467154.800859525 
36141.0 1410.0 443956.83091346774 
34933.0 955.0 496998.46085498214 
35884.0 697.0 392752.08180275327 
35000.0 379.0 465863.32476736663 
35414.0 487.0 626237.5780975842 
34151.0 434.0 495599.6630771016 
34090.0 1161.0 466134.5220688151 
34017.0 3179.0 397901.83158042294 
33185.0 2466.0 279422.83767820674 
33763.0 375.0 280145.2485164781 
33476.0 700.0 340851.6266716618 
34147.0 2280.0 399811.41305163386 
33068.0 1160.0 336222.72144947096 
35342.0 135.0 447125.8094020168 
34174.0 461.0 506461.7149094794 
34118.0 1243.0 452123.76529468986 
33353.0 470.0 373436.93464588246 
33150.0 94.0 343126.58120175137 
33392.0 847.0 486213.06674462336 
32039.0 898.0 366332.0655919319 
35147.0 317.0 397975.30669191916 
35991.0 440.0 396882.0026976814 
35062.0 57.0 524392.6122547295 
32852.0 178.0 452491.2221641321 
34022.0 84.0 651666.176455469 
35176.0 645.0 401488.5724792824 
33966.0 142.0 668967.6207609088 
35378.0 1390.0 418211.60327535763 
33624.0 366.0 575529.9110084681 
33343.0 1739.0 451397.8703779941 
33532.0 492.0 480827.7800670071 
33667.0 335.0 464923.8569796425 
33578.0 438.0 438715.9056643331 
34550.0 194.0 318876.8579334564 
35430.0 157.0 555369.6686182707 
34713.0 502.0 500095.093411808 
33700.0 232.0 402259.19449967344 
33722.0 664.0 505855.849871889 
34491.0 1850.0 462170.1691186668 
35687.0 203.0 623283.8072366775 
35623.0 156.0 637038.392303276 
33403.0 1653.0 423513.82375638816 
34394.0 255.0 335132.49945487804 
33807.0 567.0 364884.9373472546 
34178.0 560.0 434929.7685420073 
32225.0 2709.0 417238.51602029224 
33135.0 664.0 490092.607899512 
33030.0 750.0 353645.77141906787 
33874.0 203.0 367431.3767994971 
33569.0 1982.0 341276.56854985276 
33606.0 1928.0 436475.1509964061 
34852.0 270.0 653072.2371162656 
34723.0 459.0 384544.1874016292 
35706.0 505.0 462504.2517386738 
34953.0 151.0 343261.713692188 
33668.0 661.0 348458.3666331002 
33913.0 628.0 441075.61509145144 
34511.0 127.0 625578.0870830006 
32995.0 1392.0 337897.19071919285 
35860.0 1706.0 484093.89987123606 
34254.0 167.0 417200.68340299797 
34934.0 1235.0 413687.7075568307 
34686.0 569.0 458176.8801986903 
34088.0 571.0 464314.1924170175 
33845.0 372.0 524899.4617105294 
34695.0 142.0 571457.8250344063 
34186.0 508.0 381372.2277989773 
35179.0 635.0 370638.5182034858 
33432.0 1335.0 475700.0015547114 
33724.0 1881.0 355794.6073587468 
34081.0 233.0 620999.7256197049 
34086.0 252.0 615208.4176556815 
35689.0 109.0 503993.2890612454 
33833.0 617.0 353278.4773226418 
33221.0 1544.0 377403.00815138494 
34071.0 1112.0 385918.3938783688 
33716.0 138.0 347661.232245719 
34805.0 106.0 688186.9304126924 
34658.0 1424.0 403011.4297989211 
34859.0 238.0 412580.860707213 
33965.0 1486.0 439991.03998565447 
34721.0 1087.0 483383.6457352546 
34544.0 1494.0 412441.8983405406 
33604.0 1048.0 384900.7622445487 
35676.0 456.0 543529.0358811049 
