0.0 1.0000000000000002 
0.8518326569542285 -0.7733690123083143 
0.0 1.0000000000000002 
0.8518326569542285 -0.7733690123083143 
0.8233319880406931 -0.4582672039792798 
0.6525122848460108 -0.45826332556331717 
0.4538838254376014 -0.12421844407731045 
0.6183971214078071 -0.124224151735675 
0.4093141293627364 0.24215500245916644 
0.2577625143651329 0.2421610854797871 
0.1822294780279575 0.6696482336666707 
0.08299916284853555 0.6696523568486966 
0.2139191505102585 0.44689652639711935 
0.6249519475786602 -0.22421570935428708 
0.2087711072392789 0.4862835124815056 
0.6220486057256958 -0.18594035182153154 
0.6206171315330828 -0.1619432889157321 
0.19593733815122272 0.5822919965103021 
0.824892285297635 -0.4895455841082924 
0.0504339377903722 0.7249958501726054 
0.05751768462851714 0.7043422152148998 
0.192263088846341 0.6078033693871625 
0.23185822866114034 0.3254976685876012 
0.1994322970015661 0.5569783396329956 
0.630833389661302 -0.31413715532286357 
0.6341856676243908 -0.3538714628628059 
0.6262988611259742 -0.25169784538413337 
0.23922696828810924 0.2889677690721338 
0.8327549574952431 -0.6210583164849725 
0.24710657413682313 0.2568432001371759 
0.42188989158894785 0.0826743309052501 
0.025421803819193775 0.8239802712474614 
0.20212968496544537 0.5368983082537502 
0.22349033341768368 0.3772875709384083 
0.0019494679353334043 0.955731055609336 
0.6415398558542098 -0.4197091218650974 
0.4397181863482187 -0.07437917119850018 
0.4116299585952661 0.21135160349452267 
0.8368860198250234 -0.6814476488183591 
0.030036204555407873 0.8025265481544936 
4.8200636783055084E-4 0.9780380644393978 
0.021800570262893993 0.8385591489329424 
0.004125125830424126 0.9354352014162934 
0.22266245366944434 0.39857971273400256 
0.4198541619563619 0.10712470439883695 
0.07496906160301772 0.6731387255914283 
0.04531535132734349 0.7423773733103418 
0.2180449456022132 0.41676463150743454 
0.43252201988693406 -0.02660595662394595 
0.43646152680949346 -0.05799861427981698 
0.18922715729456255 0.6278255898375426 
0.8385316589761914 -0.7004075878038145 
0.06333570418070755 0.6904760165132322 
0.8283739862885796 -0.5545751175523396 
0.8459775540307679 -0.7590018992598351 
0.6283221005545871 -0.2779030718948993 
0.6184049359446109 -0.12436051712133515 
0.41706538437706964 0.14143321846982557 
0.42926696131226844 0.0037025793093977675 
0.06759916043372549 0.6824742197092633 
0.036648918848158685 0.7750887903235517 
0.010921497356786214 0.8988275789552468 
0.032795717951608114 0.7907831876264123 
0.827556407684038 -0.5399315381973966 
0.20487272645224422 0.5161316427519123 
0.42673500388768093 0.029013745217543723 
0.4186976966237606 0.1209539402880024 
0.18644664447104112 0.6571836690666603 
0.42416538276410115 0.05676147588641193 
0.01304958408130985 0.882596479730484 
0.645851443714136 -0.4439357042364579 
0.22700182044711648 0.35327050463654813 
0.20636344602647466 0.5047470555598425 
0.8297293610636554 -0.5779879101909979 
0.8314505623868265 -0.6060485786631478 
0.44251031931624407 -0.09551603493730172 
0.40936684517878275 0.24189530397191095 
0.18717239459449075 0.6407695369725731 
0.6386645310927164 -0.39769598524742705 
0.4165677543484113 0.1584592563507377 
0.6327791244323129 -0.32407345951523553 
0.8346482686733658 -0.6528072068531963 
0.41371017110675123 0.18406490764519812 
0.8354629067317625 -0.658131774130059 
0.8304445713936404 -0.5881067938196095 
0.018082808907862513 0.85597419135132 
0.41294172982074384 0.2001509775917601 
0.4147595171782947 0.17049424766085064 
0.2528103691228989 0.2453718330729578 
0.8262918445282968 -0.5159888190837557 
0.2265308867338435 0.35635059989226675 
0.6365672678133586 -0.37857306126619916 
0.42371184631511977 0.061830485848112036 
0.4478255094932654 -0.11596726795128223 
0.6359591169246752 -0.3724923556113787 
0.6280516266644219 -0.2726929062534764 
0.6397358478778273 -0.40650978783789476 
0.006422444540724853 0.9185727811002827 
0.21877069572566285 0.41251176012660795 
0.8427370616169233 -0.7387288429331196 
