0.0 3.228370126882905E-17 5.542327210204987E-17 0.0 1.3604674217831801E-17 8.449467111530246E-17 9.409342795983776E-18 0.0 0.0 5.28115913402217E-18 1.0580603224104178E-16 2.5027101840724944E-17 4.080725266115015E-17 9.952453534770667E-17 1.560106569589647E-16 3.450032186492872E-17 0.0 3.4477190464576194E-17 0.0 0.0 1.906409043403996E-17 2.7026531076654522E-17 0.0 0.0 0.0 0.0 5.456166268199725E-17 4.818776038301259E-17 0.0 8.213721183701556E-17 
0.8518326569542285 3.228370126882905E-17 5.542327210204987E-17 0.0 1.3604674217831801E-17 8.449467111530246E-17 9.409342795983776E-18 0.0 0.0 5.28115913402217E-18 0.0 2.5027101840724944E-17 4.080725266115015E-17 9.952453534770667E-17 1.560106569589647E-16 3.450032186492872E-17 0.0 3.4477190464576194E-17 7.717430483415348E-17 0.0 1.906409043403996E-17 2.7026531076654522E-17 0.0 0.0 0.0 0.0 5.456166268199725E-17 4.818776038301259E-17 0.0 1.931595142995312E-16 
0.0 3.228370126882905E-17 5.542327210204987E-17 0.0 1.3604674217831801E-17 8.449467111530246E-17 9.409342795983776E-18 0.0 0.0 5.28115913402217E-18 1.0580603224104178E-16 2.5027101840724944E-17 4.080725266115015E-17 9.952453534770667E-17 1.560106569589647E-16 3.450032186492872E-17 0.0 3.4477190464576194E-17 0.0 0.0 1.906409043403996E-17 2.7026531076654522E-17 0.0 0.0 0.0 0.0 3.8497353395610567E-17 4.818776038301259E-17 0.0 8.213721183701556E-17 
0.8518326569542285 3.228370126882905E-17 5.542327210204987E-17 0.0 1.3604674217831801E-17 0.0 9.409342795983776E-18 0.0 0.0 5.28115913402217E-18 0.0 2.5027101840724944E-17 4.080725266115015E-17 9.952453534770667E-17 1.560106569589647E-16 3.450032186492872E-17 0.0 3.4477190464576194E-17 0.0 0.0 1.906409043403996E-17 2.7026531076654522E-17 0.0 0.0 0.0 0.0 3.8497353395610567E-17 4.818776038301259E-17 0.0 1.931595142995312E-16 
0.8233319880406931 1.433060037313447E-16 5.542327210204987E-17 8.993420547793719E-17 1.3604674217831801E-17 0.0 9.409342795983776E-18 1.0341666333797758E-16 0.0 5.28115913402217E-18 1.0580603224104178E-16 2.5027101840724944E-17 4.080725266115015E-17 9.952453534770667E-17 1.560106569589647E-16 3.450032186492872E-17 0.0 3.4477190464576194E-17 1.8819660729666913E-16 0.0 1.906409043403996E-17 2.7026531076654522E-17 0.0 0.0 0.0 0.0 5.456166268199725E-17 1.5921006284552824E-16 1.7939323369926791E-16 1.931595142995312E-16 
0.6525122848460108 3.228370126882905E-17 5.542327210204987E-17 0.0 1.3604674217831801E-17 8.449467111530246E-17 9.409342795983776E-18 0.0 0.0 5.28115913402217E-18 1.0580603224104178E-16 2.5027101840724944E-17 4.080725266115015E-17 9.952453534770667E-17 1.560106569589647E-16 3.450032186492872E-17 0.0 3.4477190464576194E-17 0.0 0.0 1.906409043403996E-17 2.7026531076654522E-17 0.0 0.0 0.0 0.0 5.456166268199725E-17 4.818776038301259E-17 0.0 1.931595142995312E-16 
0.4538838254376014 3.228370126882905E-17 5.542327210204987E-17 0.0 1.3604674217831801E-17 8.449467111530246E-17 9.409342795983776E-18 0.0 0.0 5.28115913402217E-18 0.0 2.5027101840724944E-17 4.080725266115015E-17 9.952453534770667E-17 1.560106569589647E-16 3.450032186492872E-17 0.0 3.4477190464576194E-17 7.717430483415348E-17 0.0 1.906409043403996E-17 2.7026531076654522E-17 0.0 0.0 0.0 0.0 5.456166268199725E-17 4.818776038301259E-17 0.0 8.213721183701556E-17 
0.6183971214078071 3.228370126882905E-17 2.0911677946789865E-16 0.0 1.3604674217831801E-17 8.449467111530246E-17 9.409342795983776E-18 1.0341666333797758E-16 0.0 5.28115913402217E-18 0.0 2.5027101840724944E-17 4.080725266115015E-17 9.952453534770667E-17 1.560106569589647E-16 3.450032186492872E-17 0.0 3.4477190464576194E-17 0.0 0.0 1.906409043403996E-17 2.7026531076654522E-17 0.0 0.0 0.0 0.0 3.8497353395610567E-17 4.818776038301259E-17 0.0 8.213721183701556E-17 
0.4093141293627364 3.228370126882905E-17 5.542327210204987E-17 0.0 1.3604674217831801E-17 8.449467111530246E-17 9.409342795983776E-18 1.0341666333797758E-16 0.0 5.28115913402217E-18 0.0 2.5027101840724944E-17 4.080725266115015E-17 9.952453534770667E-17 1.560106569589647E-16 3.450032186492872E-17 0.0 3.4477190464576194E-17 0.0 0.0 1.906409043403996E-17 2.7026531076654522E-17 0.0 0.0 0.0 0.0 5.456166268199725E-17 1.5921006284552824E-16 0.0 8.213721183701556E-17 
0.2577625143651329 3.228370126882905E-17 5.542327210204987E-17 0.0 1.3604674217831801E-17 8.449467111530246E-17 9.409342795983776E-18 0.0 0.0 5.28115913402217E-18 0.0 2.5027101840724944E-17 4.080725266115015E-17 9.952453534770667E-17 1.560106569589647E-16 3.450032186492872E-17 0.0 3.4477190464576194E-17 0.0 0.0 1.906409043403996E-17 2.7026531076654522E-17 0.0 0.0 0.0 0.0 3.8497353395610567E-17 4.818776038301259E-17 0.0 8.213721183701556E-17 
0.1822294780279575 3.228370126882905E-17 5.542327210204987E-17 0.0 1.3604674217831801E-17 0.0 9.409342795983776E-18 0.0 0.0 5.28115913402217E-18 1.0580603224104178E-16 2.5027101840724944E-17 4.080725266115015E-17 9.952453534770667E-17 1.560106569589647E-16 3.450032186492872E-17 0.0 3.4477190464576194E-17 0.0 0.0 1.906409043403996E-17 2.7026531076654522E-17 0.0 0.0 0.0 0.0 5.456166268199725E-17 4.818776038301259E-17 0.0 1.931595142995312E-16 
0.08299916284853555 3.228370126882905E-17 5.542327210204987E-17 0.0 1.3604674217831801E-17 0.0 9.409342795983776E-18 0.0 0.0 5.28115913402217E-18 1.0580603224104178E-16 2.5027101840724944E-17 4.080725266115015E-17 9.952453534770667E-17 1.560106569589647E-16 3.450032186492872E-17 0.0 3.4477190464576194E-17 0.0 0.0 1.906409043403996E-17 2.7026531076654522E-17 0.0 0.0 0.0 0.0 3.8497353395610567E-17 4.818776038301259E-17 0.0 1.931595142995312E-16 
0.2139191505102585 8.350112804742331E-14 7.478206188495102E-14 1.1370503956476191E-11 3.8909874611123947E-13 4.1231538646584386E-10 1.4423299355170659E-12 2.904680546952106E-11 3.5726989971012465E-6 1.4251328669069907E-7 1.4576762205890676E-13 6.352337218578625E-11 2.9264527552037774E-11 3.1021674688423155E-11 1.3666842150169894E-10 3.450032186492872E-17 0.0 4.1626696183729414E-12 1.427742517801999E-9 0.0 7.430202186888445E-15 2.2569983095568583E-9 2.407273884753134E-10 5.25443541405913E-9 8.469692129674738E-11 1.2892293402922744E-9 1.3818854549282133E-10 5.516577093154655E-10 0.0 3.421271183934907E-16 
0.6249519475786602 3.228370126882905E-17 5.542327210204987E-17 0.0 1.3604674217831801E-17 8.449467111530246E-17 0.040219329295435376 1.0341666333797758E-16 0.0 5.28115913402217E-18 0.0 2.5027101840724944E-17 4.080725266115015E-17 9.952453534770667E-17 1.560106569589647E-16 3.450032186492872E-17 0.0 3.4477190464576194E-17 0.0 0.0 1.906409043403996E-17 2.7026531076654522E-17 0.0 0.0 0.0 0.0 3.8497353395610567E-17 4.818776038301259E-17 0.0 8.213721183701556E-17 
0.2087711072392789 3.228370126882905E-17 3.844449934219801E-9 4.971120038484508E-8 1.3604674217831801E-17 6.788810740074126E-10 6.057890763078858E-12 7.346576525816383E-9 9.92842798958683E-8 5.28115913402217E-18 3.5060114019012956E-12 2.1193587431626168E-10 3.9376170197510526E-13 1.491077440984265E-8 1.560106569589647E-16 4.175282929773513E-14 0.0 7.972521664574673E-14 9.578741843987183E-11 0.0 1.0029277456481772E-11 1.3206637829853257E-12 1.6249894343007673E-6 2.5258269221297734E-10 0.0 5.531285387726103E-9 5.65597104912349E-16 1.0436323306424894E-14 9.551110404367191E-13 4.846882711654147E-10 
0.6220486057256958 2.655896914008739E-16 1.3395438928129727E-6 5.496573227130048E-11 1.3604674217831801E-17 1.2641826691498246E-10 4.2051999600789056E-13 9.655410449373256E-13 1.9415775422322704E-8 1.1312642378599494E-12 0.0 7.723862547429627E-8 4.468040754583749E-11 3.904254353174248E-14 2.722779555425905E-16 1.1218043720898861E-13 0.0 1.8596231495762914E-11 3.619472257928964E-10 0.0 2.2825136121630992E-10 1.3433097741141115E-12 2.9865370681018237E-12 3.981858108917114E-14 6.526552379330039E-14 1.1179449658216705E-15 4.428915207499416E-7 3.2257540428176897E-12 0.0 8.213721183701556E-17 
0.6206171315330828 3.228370126882905E-17 2.0911677946789865E-16 4.617297677466586E-13 1.3604674217831801E-17 8.449467111530246E-17 9.409342795983776E-18 1.0341666333797758E-16 2.876817573474383E-15 5.28115913402217E-18 0.0 2.5027101840724944E-17 2.2848679678538044E-13 9.952453534770667E-17 8.459807894004996E-11 5.981902077029462E-14 0.0 3.4477190464576194E-17 1.6000055916127792E-12 0.0 1.906409043403996E-17 2.7026531076654522E-17 3.070174246809607E-11 0.0 1.2572588089792066E-16 0.0 3.8497353395610567E-17 0.0016165839258251017 6.30320667173912E-13 8.213721183701556E-17 
0.19593733815122272 1.433060037313447E-16 1.907556662087697E-11 1.0767374108598006E-12 1.3604674217831801E-17 8.449467111530246E-17 9.409342795983776E-18 8.435251934507598E-12 1.9700934809820505E-8 7.623845726912004E-15 1.0580603224104178E-16 2.5027101840724944E-17 4.080725266115015E-17 9.952453534770667E-17 1.560106569589647E-16 3.450032186492872E-17 0.0 3.4477190464576194E-17 1.5575107904868825E-13 3.9263308667506266E-14 1.906409043403996E-17 1.4098072781855308E-12 0.0 1.051248587164964E-12 0.0 0.0 3.8497353395610567E-17 4.818776038301259E-17 0.0 8.213721183701556E-17 
0.824892285297635 1.433060037313447E-16 5.542327210204987E-17 0.0 1.3604674217831801E-17 0.0 9.409342795983776E-18 0.0 0.0 5.28115913402217E-18 1.0580603224104178E-16 2.5027101840724944E-17 4.080725266115015E-17 9.952453534770667E-17 1.560106569589647E-16 3.450032186492872E-17 0.0 3.4477190464576194E-17 1.8819660729666913E-16 0.0 1.906409043403996E-17 2.7026531076654522E-17 0.0 0.0 0.0 0.0 5.456166268199725E-17 1.5921006284552824E-16 0.0 1.931595142995312E-16 
0.0504339377903722 8.151674499669505E-17 3.3623256956789343E-16 8.52461384162012E-8 5.225169355772885E-15 2.571587580533964E-8 9.409342795983776E-18 2.301086691997277E-13 4.4378634178527466E-10 1.0798050281062413E-12 1.0719365082457224E-12 9.658088589606376E-15 4.080725266115015E-17 5.0686299024772874E-11 6.055293369217531E-11 4.102344282849079E-16 0.0 3.905234757720841E-14 1.218983501327273E-9 6.7061309076844E-10 6.117900709867478E-11 2.7026531076654522E-17 2.5781295012019033E-9 8.159916725053575E-9 1.5033187181002896E-12 2.801153720339712E-9 2.994908469441943E-7 1.6097063314233257E-16 2.8090991346584384E-13 8.213721183701556E-17 
0.05751768462851714 8.151674499669505E-17 4.583952869317939E-16 9.196961937381336E-8 7.99364344552936E-15 4.4085936236989986E-10 6.455367774998372E-14 1.3160976087246336E-11 0.0 5.28115913402217E-18 5.00195542957309E-13 1.636707213803423E-12 4.5682053230999845E-15 4.9364681303668283E-11 1.560106569589647E-16 3.450032186492872E-17 1.3408169333978777E-14 3.4477190464576194E-17 7.926717211263509E-12 0.0 3.3548900145814915E-4 2.7026531076654522E-17 1.3548087294064903E-8 1.0081829473800008E-10 5.8683881869226404E-15 0.0 5.456166268199725E-17 1.5921006284552824E-16 0.0 1.005890714549686E-15 
0.192263088846341 3.228370126882905E-17 5.659556101714767E-12 5.291956443777442E-11 1.9775875770684959E-10 1.778567143532014E-12 1.4756684228014437E-11 1.656159723661631E-11 1.85299709095085E-10 1.454702958807016E-10 1.0580603224104178E-16 5.458897125064631E-11 1.4054613342512447E-11 7.880946101146417E-16 1.0286858875693359E-13 2.4016610685277733E-13 3.2561167624030435E-5 4.523601800779008E-11 2.9010623485340827E-10 8.054341340215414E-7 4.46655392887745E-13 1.3279173040358266E-6 2.9665371269077344E-10 3.2792357407470366E-8 1.9282088294511555E-12 0.0 5.456166268199725E-17 4.818776038301259E-17 2.770222814308546E-12 5.189330824624074E-12 
0.23185822866114034 3.228370126882905E-17 4.644792974672425E-13 0.0 3.431893907219247E-10 1.8833619555805365E-13 1.6707456004102395E-14 8.250849777676778E-9 5.696980733670295E-13 5.28115913402217E-18 0.0 2.5027101840724944E-17 2.1771412565079782E-13 9.952453534770667E-17 1.384728132903306E-13 5.865767909564341E-12 0.0 1.5560640157927386E-13 1.0415612375119236E-11 1.4793052414580523E-12 1.6311500215388054E-15 2.866837697091233E-9 1.8351360431964576E-12 6.798829855999308E-14 0.009433772638904214 2.598675147372115E-13 3.8497353395610567E-17 1.8847191697427102E-14 0.0 8.213721183701556E-17 
0.1994322970015661 1.179200537372672E-14 2.5124434158979474E-13 1.0388884249784942E-12 1.3604674217831801E-17 8.449467111530246E-17 9.409342795983776E-18 2.59974975684164E-10 1.8802223017662285E-8 7.623845726912004E-15 0.0 2.5027101840724944E-17 1.4847877170404588E-15 4.944537229614636E-14 1.6237444432498755E-14 6.933179171117613E-12 1.1493159839838597E-8 3.4477190464576194E-17 1.0230721750311464E-11 0.0 3.227124722827583E-14 1.3755229701448057E-12 3.969461180711301E-7 5.76380134386227E-10 0.0 7.586277132597822E-13 5.456166268199725E-17 1.7566169472411155E-16 1.894731620554423E-14 1.931595142995312E-16 
0.630833389661302 3.228370126882905E-17 5.542327210204987E-17 0.0 1.3604674217831801E-17 8.449467111530246E-17 9.409342795983776E-18 1.0341666333797758E-16 2.876817573474383E-15 5.28115913402217E-18 1.0580603224104178E-16 2.5027101840724944E-17 4.080725266115015E-17 9.952453534770667E-17 1.560106569589647E-16 1.497594728545835E-16 0.0 3.4477190464576194E-17 0.0 0.0 1.906409043403996E-17 2.7026531076654522E-17 0.0 0.0 0.0 0.0 5.456166268199725E-17 4.818776038301259E-17 0.0 0.0 
0.6341856676243908 1.3511740630458695E-15 5.542327210204987E-17 0.0 1.3604674217831801E-17 3.8004081405957445E-12 3.645630390057871E-14 1.6915731270332126E-11 2.1286856299146832E-7 8.71737781201202E-14 1.0580603224104178E-16 2.5027101840724944E-17 4.682593918347796E-16 5.458057267624008E-13 6.415614268251124E-11 3.450032186492872E-17 0.0 3.4477190464576194E-17 1.9840079025567365E-9 7.70911910565338E-9 3.4574096419681466E-14 1.2250601562688333E-11 2.5175655247467548E-9 7.898061203214836E-12 0.0 1.4581330367562705E-9 5.456166268199725E-17 1.3453441983933783E-13 2.6149648880089988E-14 8.213721183701556E-17 
0.6262988611259742 3.146715950731202E-15 3.403421853437164E-14 6.135911793232319E-11 1.3604674217831801E-17 3.71947590311233E-12 7.886662381304499E-13 1.8079595681269746E-10 4.745726850791438E-8 8.688010376649862E-11 4.5177001550723835E-15 2.5027101840724944E-17 1.691013866723125E-13 2.585399866975494E-13 3.75312008314951E-9 3.450032186492872E-17 1.3124415037647756E-14 3.4477190464576194E-17 1.2396248487410435E-9 3.601463270435024E-14 1.8279856867397185E-10 2.578547336489959E-9 7.077275226933215E-8 8.316805047176392E-7 0.0 1.3673596576361702E-9 3.183863039330671E-17 4.676567429796537E-14 5.434838394925658E-14 0.0013320310911103823 
0.23922696828810924 8.719534471549465E-15 2.7535621594259852E-14 2.681378752189473E-13 1.3604674217831801E-17 3.6029084813166356E-10 1.49655832151396E-12 1.49004565842206E-11 3.133549019581688E-8 1.8123926362207594E-10 6.407340069988905E-10 1.8654857469798674E-12 4.378110909298233E-14 8.624451135397093E-11 1.3791042801532958E-10 1.010982442722721E-13 0.0 5.037551801399173E-14 1.9434100667192116E-9 8.271211965883233E-14 4.206475770448053E-12 2.1568997367215924E-9 1.4214092521107784E-13 2.922863775475571E-9 8.813757203074725E-11 9.135197936584053E-10 7.90637433022114E-13 3.9032734239829074E-7 0.0 0.01591249096833907 
0.8327549574952431 3.228370126882905E-17 5.764059375476288E-13 3.681813719201868E-14 6.0533186152207605E-12 0.0 9.409342795983776E-18 3.8130063525051904E-13 1.313995644550528E-10 5.28115913402217E-18 0.0 5.656760028367313E-16 2.107684839003887E-13 9.952453534770667E-17 1.560106569589647E-16 3.422818434432312E-13 0.0 3.4477190464576194E-17 1.8819660729666913E-16 0.0 1.906409043403996E-17 2.7026531076654522E-17 4.408662574837016E-7 3.0180347090082915E-14 0.0 1.1090804888810558E-12 0.0295646263139939 4.818776038301259E-17 1.960996319112587E-14 1.931595142995312E-16 
0.24710657413682313 4.428969546899736E-18 1.370223280335947E-9 2.79586876660319E-9 3.75553855933231E-12 1.0323164668433229E-4 1.7753687407856454E-14 8.408340338101513E-10 1.1269536114655159E-10 8.909033091247957E-10 5.0900273650667555E-14 4.287458780818812E-13 4.080725266115015E-17 2.2719912090821335E-14 1.4659958960678094E-8 2.136458323705981E-12 8.483770049140471E-13 3.4477190464576194E-17 6.918902338004512E-10 3.7534248567444042E-16 2.1696964480782585E-7 6.893932938046344E-10 1.750137160968647E-8 2.985704890031573E-14 2.846087040420187E-9 2.484355501528595E-10 1.4515276378902314E-5 2.0182782975574196E-10 3.398988369803327E-14 9.457952877038694E-7 
0.42188989158894785 3.228370126882905E-17 3.18393280866844E-16 5.1505741283692E-11 1.3604674217831801E-17 1.1187214940553839E-13 9.409342795983776E-18 5.816469044387833E-10 3.6941544796133645E-10 1.1415924429941009E-12 8.696625885915408E-15 3.4903158336207997E-9 5.0749681382519725E-14 1.6561081848054712E-11 5.993027119155838E-11 4.102344282849079E-16 0.0 3.1240796369019296E-16 4.123752035284567E-12 3.4570447976612905E-14 2.238214099662605E-12 1.0048321483102676E-15 1.1849686064366855E-11 5.894363115243644E-10 3.937859502254788E-13 3.536119662797505E-10 7.171428397152214E-6 1.657547145941586E-16 1.227765063116527E-11 3.287215386687594E-17 
0.025421803819193775 3.228370126882905E-17 9.069281031928523E-13 1.646982590804442E-14 6.385052356328085E-11 1.536485599558439E-11 5.574659007438573E-12 6.726591090299962E-12 1.6146944947056826E-13 1.5664295142987415E-11 7.837908209971594E-13 7.195013037744525E-13 1.582704290542352E-11 4.875071957435117E-13 1.559607125579633E-10 1.31435345031842E-8 0.0 5.279973562166385E-15 3.3742923135085463E-6 1.6324614678099055E-6 2.629829174426678E-11 8.890410435520336E-13 9.665888054262353E-6 1.252764298854171E-9 0.0 8.050465287418596E-13 1.0533103416650918E-10 1.7197277480941275E-8 0.005703659130644745 6.080405308326622E-6 
0.20212968496544537 3.228370126882905E-17 1.851305594784655E-11 1.0568052689475573E-12 1.3604674217831801E-17 0.0 9.409342795983776E-18 2.463325122356163E-10 1.9093159478702833E-8 7.623845726912004E-15 1.0580603224104178E-16 5.656760028367313E-16 2.1539792769552467E-13 9.952453534770667E-17 8.369615946699515E-13 6.919290010203107E-12 6.792323138151015E-7 3.4477190464576194E-17 5.177200504852821E-12 4.083540467415672E-14 1.1342855032837477E-13 1.3718232380647086E-12 4.0440421610450697E-7 5.94575320028782E-10 6.616894488933836E-16 1.193357444138413E-12 3.8497353395610567E-17 4.818776038301259E-17 1.9108374851467654E-14 8.213721183701556E-17 
0.22349033341768368 3.228370126882905E-17 5.300187731007912E-14 3.627942742566578E-13 1.3604674217831801E-17 8.449467111530246E-17 9.409342795983776E-18 4.155644959721579E-10 2.953090577876278E-6 5.28115913402217E-18 3.372552597999977E-12 1.1827158498477677E-14 3.6336801785676395E-15 1.8725350587526537E-12 1.0828579651603462E-5 6.006307788374682E-14 0.0 6.034203696079188E-14 9.004872635424385E-13 0.0 2.57316104316032E-11 8.647582021909343E-15 3.925443985325525E-13 8.294757135358993E-14 0.0 9.231436946455999E-16 3.160680792792001E-14 0.0016604931788372313 2.960591966916167E-14 4.872738975727741E-10 
0.0019494679353334043 3.228370126882905E-17 8.020198072080013E-8 0.0 1.3604674217831801E-17 8.449467111530246E-17 9.409342795983776E-18 7.880871514498447E-12 5.831103390297212E-10 3.987700404716307E-11 1.0580603224104178E-16 3.4525034999017974E-12 5.927116522586948E-17 2.1964641460287112E-12 2.7533399813986783E-12 1.0088123847986708E-5 0.0 2.2422140321995427E-7 1.1683427231610416E-11 0.0 6.757184917251302E-12 6.065983209227619E-11 1.5339228376803873E-10 1.22900278964273E-11 2.4655791445232044E-13 0.0 3.2115959039636785E-16 4.818776038301259E-17 1.7146510845320203E-17 8.213721183701556E-17 
0.6415398558542098 2.18774214343357E-4 2.3341330240717136E-15 0.0 1.3604674217831801E-17 3.721246370810842E-12 9.409342795983776E-18 1.9614142813606912E-13 0.0 2.4118297582250577E-11 1.0580603224104178E-16 2.5027101840724944E-17 5.159943794380581E-13 9.952453534770667E-17 1.560106569589647E-16 3.450032186492872E-17 0.0 3.4477190464576194E-17 1.269032333711151E-14 2.028402223824056E-16 1.906409043403996E-17 2.7696265802900407E-11 2.616818042453706E-9 2.8805152531500952E-12 0.0 8.199192504023969E-11 2.53883235318338E-16 1.3542097711831742E-15 1.1202198486433206E-12 0.001211938120586193 
0.4397181863482187 3.228370126882905E-17 1.0483215605299663E-11 5.8159449493811275E-12 1.3604674217831801E-17 1.3160293158391518E-10 0.027499442338465806 9.4052612370843E-11 1.4112076859358155E-10 2.471410458968034E-15 5.9512713358033156E-12 2.5027101840724944E-17 8.677657613533811E-15 3.483068280300427E-7 1.560106569589647E-16 3.450032186492872E-17 0.0 3.4477190464576194E-17 7.717430483415348E-17 0.0 1.906409043403996E-17 1.014618389522752E-12 0.0 0.0 1.4607969467455212E-14 8.13759760371091E-15 8.43085413215743E-9 2.4171480610831466E-13 3.9487037232097005E-12 1.6507842951561455E-14 
0.4116299585952661 7.981185295001556E-16 5.542327210204987E-17 3.4449977385607325E-5 3.195198940411188E-10 6.354174055227336E-12 3.0982482035311717E-14 3.4132584699100163E-15 2.876817573474383E-15 3.528967127702461E-13 1.0580603224104178E-16 2.786445400528234E-14 2.1643135746106564E-13 9.952453534770667E-17 2.6371007200197226E-13 1.2919058750645267E-8 9.924673034373189E-15 4.992674065195535E-13 7.717430483415348E-17 0.0 2.655693807907773E-11 2.7026531076654522E-17 2.6011636369402256E-9 3.0305796870902084E-11 1.2572588089792066E-16 0.0 3.8497353395610567E-17 1.1861532065599927E-13 2.878774127406731E-16 8.213721183701556E-17 
0.8368860198250234 4.225083315693734E-15 1.465245215565505E-13 7.739141796353193E-14 1.3604674217831801E-17 8.449467111530246E-17 9.409342795983776E-18 1.1966950564231967E-9 6.514378396604466E-9 0.0013541708523016217 1.4956251193765733E-14 2.5027101840724944E-17 9.292643552824101E-14 4.456979871627726E-12 7.999787510588945E-13 6.059915235028583E-12 0.0 3.4477190464576194E-17 1.9463420344188858E-11 1.4113518308294048E-12 6.541793314759909E-12 2.926483265230361E-9 2.0342050893755212E-9 0.0 8.967361344733602E-12 1.1254815357746853E-12 3.810866779816349E-10 4.818776038301259E-17 1.119504284508605E-9 1.343083032160894E-12 
0.030036204555407873 3.228370126882905E-17 5.542327210204987E-17 2.5150324637707226E-9 5.63763920771144E-14 5.3667873253543356E-11 1.2204531309179175E-16 0.0 0.0 5.28115913402217E-18 1.152554985803867E-14 2.5027101840724944E-17 4.080725266115015E-17 9.952453534770667E-17 2.2386042343517104E-14 5.9451762244756525E-12 0.0 4.017627786486016E-14 1.4588736662861021E-12 8.910757458086583E-14 6.127970152283597E-11 2.785262670441015E-9 3.0829177185325486E-9 2.3183410254573786E-11 0.0 2.704409903935349E-13 4.1330049702161496E-4 1.3696104147412416E-4 0.0 8.213721183701556E-17 
4.8200636783055084E-4 1.9213787908262283E-12 4.625648984152772E-13 6.03516466911404E-11 1.3604674217831801E-17 8.449467111530246E-17 3.2942065939174485E-14 3.585757692203031E-14 1.5729170540791325E-9 2.3130680207135546E-16 4.47521896880218E-14 6.726810980534718E-11 1.2999526885650481E-14 9.952453534770667E-17 1.560106569589647E-16 3.450032186492872E-17 9.924673034373189E-15 3.4477190464576194E-17 0.0 0.0 1.3084039679645207E-8 3.8274561451659235E-15 1.0367687160501919E-10 2.7508249251983035E-10 5.848006441367252E-9 4.2086613292500786E-17 5.456166268199725E-17 1.3048443328941905E-13 0.0 6.826149293538842E-14 
0.021800570262893993 3.228370126882905E-17 5.542327210204987E-17 0.0 3.431893907219247E-10 5.331425442659194E-11 1.6707456004102395E-14 8.004177866371322E-9 5.696980733670295E-13 5.28115913402217E-18 1.0580603224104178E-16 2.5027101840724944E-17 4.080725266115015E-17 9.952453534770667E-17 1.384728132903306E-13 5.885422261814915E-12 0.0 1.5560640157927386E-13 1.7242888578609268E-10 1.4793052414580523E-12 1.6311500215388054E-15 2.866837697091233E-9 4.251576867315762E-10 5.5108268997028774E-11 0.0 2.598675147372115E-13 5.456166268199725E-17 1.8847191697427102E-14 0.0 8.213721183701556E-17 
0.004125125830424126 1.885156750250488E-12 2.113842248807449E-13 7.192729542255299E-13 1.3604674217831801E-17 0.0 6.736521659491637E-13 2.3125472762714058E-9 2.8195651866854684E-7 1.0151326249332244E-16 3.0935851352396595E-13 2.3356466152590936E-14 1.9845756865925737E-13 6.503407127472899E-4 8.274748837861129E-11 3.450032186492872E-17 0.0 3.4477190464576194E-17 4.343717718711333E-13 0.0 2.163584160654356E-13 9.96312759052407E-10 2.81768569006343E-8 2.7030390914795913E-10 3.741904619774669E-15 7.980727986596948E-12 5.456166268199725E-17 6.311702592791337E-13 0.0 1.7853385044488783E-16 
0.22266245366944434 3.228370126882905E-17 4.6331912625402405E-12 0.0 3.5471628189571636E-10 0.0 9.409342795983776E-18 1.0341666333797758E-16 1.457490614512009E-9 2.5353810602734055E-14 1.4453057446245018E-11 5.7612889906755235E-11 4.080725266115015E-17 3.4311847488928092E-9 1.1882664032963972E-12 4.074416315620688E-15 0.0 2.0520239631778877E-12 1.6615671282048122E-6 0.02118486028373865 1.1045761728955402E-13 3.448573521215954E-13 3.855044927832233E-8 5.786347237104481E-12 0.0 0.0 0.04417733961625929 0.0016712104856439198 0.0 7.831925903218335E-16 
0.4198541619563619 3.228370126882905E-17 1.106401673076539E-11 2.095129423707165E-12 1.3604674217831801E-17 4.3658759806995633E-10 9.409342795983776E-18 2.1802518606122495E-14 1.3015904487349534E-12 5.28115913402217E-18 1.0580603224104178E-16 2.5027101840724944E-17 5.326246730521705E-13 9.952453534770667E-17 1.560106569589647E-16 4.199249452789106E-14 1.3781395334419106E-16 3.4477190464576194E-17 7.746344683978911E-16 0.0 7.597945406222002E-13 1.4927279145201713E-13 1.6030061324575729E-6 0.001483101537175899 1.472496842208581E-14 0.0 5.456166268199725E-17 3.652606754362402E-14 1.170715645234192E-14 2.2587952203221665E-16 
0.07496906160301772 3.228370126882905E-17 4.6331912625402405E-12 3.4170721099959844E-14 1.1569476198926416E-12 1.6904140707625077E-11 1.5027725638426102E-16 5.834299966303322E-13 1.454212302516525E-9 2.5704753593181196E-14 1.4453057446245018E-11 5.713803640686569E-11 4.080725266115015E-17 3.3014907165725526E-9 1.2057344731810104E-12 4.074416315620688E-15 0.0 5.8591454589251034E-15 2.2065264736265177E-5 8.303387155085051E-7 6.768269460785738E-12 5.166014031822588E-13 3.855044927832233E-8 0.0 0.0 0.0 2.5503807666994203E-15 4.818776038301259E-17 3.3891928278136655E-14 1.931595142995312E-16 
0.04531535132734349 3.440161302741022E-15 7.085716986727298E-16 6.876181779146505E-5 1.99242703066423E-9 7.369955607479401E-5 9.409342795983776E-18 1.56373574956484E-10 4.21077060945453E-10 9.636442598400271E-14 1.0580603224104178E-16 2.5027101840724944E-17 4.080725266115015E-17 9.952453534770667E-17 2.1134890212605047E-13 9.261952614814327E-17 9.077910259194963E-15 1.7049347214704523E-15 1.0732462621445936E-10 4.064263804172549E-14 2.497903916963944E-14 2.7026531076654522E-17 2.204679994019884E-9 0.0 3.932802031774007E-16 5.1943519130222164E-9 1.3102772737703852E-4 3.4839309388504275E-14 0.0 3.720469193005713E-6 
0.2180449456022132 3.228370126882905E-17 1.1705381316181768E-15 0.0 1.3604674217831801E-17 0.0 9.409342795983776E-18 1.0341666333797758E-16 0.0 5.28115913402217E-18 1.0580603224104178E-16 2.5027101840724944E-17 4.080725266115015E-17 8.837550626471332E-11 0.0012344206306114294 6.247992155757373E-14 0.0 5.856114963333586E-14 0.0 5.108725365533754E-4 1.906409043403996E-17 2.7026531076654522E-17 3.040348945066023E-13 1.6121763180130219E-15 0.0 0.0 5.456166268199725E-17 0.0016662340665189873 0.0 1.694539765550799E-11 
0.43252201988693406 1.5836003609071104E-14 5.542327210204987E-17 2.6229655124955284E-12 1.3604674217831801E-17 0.0 9.409342795983776E-18 1.2700126683187747E-16 1.673930534140013E-13 2.630421589482857E-13 1.0580603224104178E-16 2.5027101840724944E-17 4.080725266115015E-17 9.952453534770667E-17 1.560106569589647E-16 3.450032186492872E-17 0.0 3.4477190464576194E-17 0.0 0.0 2.3847842043177643E-14 2.7026531076654522E-17 0.0 3.004452251738578E-11 3.6598751549951627E-10 1.4476830932924307E-14 3.8497353395610567E-17 4.818776038301259E-17 0.0 1.931595142995312E-16 
0.43646152680949346 3.228370126882905E-17 5.542327210204987E-17 1.115564859518215E-14 2.504244252161209E-13 1.3380143670300635E-13 3.6024037831852496E-15 1.2452429233828604E-13 3.673976332158152E-7 5.28115913402217E-18 0.0 5.656760028367313E-16 4.843306239868312E-12 4.3145276340797787E-13 1.063312431627605E-8 1.3118316025851082E-10 2.0102277998314612E-14 8.09509109463474E-14 1.6391959254144245E-12 0.0 1.906409043403996E-17 1.487565714462832E-15 3.835936520829225E-10 7.913812393224914E-4 0.0 7.401376932669924E-17 1.968961434932188E-15 4.818776038301259E-17 9.428400474028557E-13 3.091941737180343E-4 
0.18922715729456255 7.981185295001556E-16 5.542327210204987E-17 2.4006446732038767E-6 9.463190946653297E-9 6.354174055227336E-12 1.5273227216526117E-12 2.3914911695670136E-11 3.058190221280072E-6 3.482357479442463E-11 1.0580603224104178E-16 2.789546693908285E-14 2.1643135746106564E-13 9.952453534770667E-17 2.6371007200197226E-13 1.8509155499042338E-6 4.5261678012753636E-17 5.065782822864235E-13 3.181754140794464E-13 0.0 2.655693807907773E-11 9.247660874680272E-16 1.261391253681905E-8 0.0 3.932802031774007E-16 9.29859871495448E-8 1.3348814223121082E-7 2.5589180724711944E-13 8.579301385769578E-13 1.534813822743587E-11 
0.8385316589761914 3.228370126882905E-17 1.3597601800425537E-9 8.74167477706471E-13 1.3604674217831801E-17 1.7004883967511546E-11 1.5027725638426102E-16 1.1153864181216864E-12 0.0 5.28115913402217E-18 4.5177001550723835E-15 2.5027101840724944E-17 4.080725266115015E-17 9.952453534770667E-17 1.560106569589647E-16 4.765511732152656E-15 0.0 3.4477190464576194E-17 1.8819660729666913E-16 0.0 2.65840302835294E-14 2.7026531076654522E-17 0.0 0.0 0.0 3.6194548869742747E-11 2.5503807666994203E-15 1.9932036123919875E-10 3.403975440581353E-14 1.931595142995312E-16 
0.06333570418070755 3.228370126882905E-17 1.395860319953234E-13 0.0 1.3604674217831801E-17 8.449467111530246E-17 9.409342795983776E-18 0.0 0.0 2.4118297582250577E-11 1.0580603224104178E-16 2.5027101840724944E-17 3.0435400612087137E-15 9.952453534770667E-17 1.560106569589647E-16 3.450032186492872E-17 0.0 3.4477190464576194E-17 7.717430483415348E-17 0.0 1.906409043403996E-17 1.3239976182339181E-12 2.3527805390070633E-9 1.4193855706199128E-11 0.0 8.199192504023969E-11 5.456166268199725E-17 4.818776038301259E-17 1.0662578817947537E-14 1.931595142995312E-16 
0.8283739862885796 1.0674433663524084E-12 5.542327210204987E-17 7.649910422074165E-13 2.4950898757051065E-6 3.9058661876238925E-12 4.854057225937565E-11 4.550171380989274E-5 2.503754603494823E-10 2.580746835396589E-7 3.393645138834362E-15 2.4135227756927024E-9 4.080725266115015E-17 4.637498971760831E-13 1.598946116132539E-8 1.9261522499458924E-10 0.0 7.591084921836906E-14 1.8819660729666913E-16 1.4849098558351828E-12 3.843643517860033E-8 2.265743004264853E-14 2.795102223768017E-8 5.338153643564158E-11 0.0 9.85556692794583E-12 3.8497353395610567E-17 2.5038078003397483E-8 3.3563995392760647E-13 1.931595142995312E-16 
0.8459775540307679 3.228370126882905E-17 6.4511945367809776E-12 5.380459101702085E-11 1.3604674217831801E-17 1.1274733627251944E-12 1.6479324499582603E-12 2.0475513197993938E-14 8.016901337937989E-11 5.28115913402217E-18 1.0580603224104178E-16 7.994314623265578E-13 1.5321462670417853E-11 5.426473259527278E-14 5.145709978354349E-16 4.175282929773513E-14 1.3781395334419106E-16 2.5935411951222175E-14 1.085347711678625E-9 0.0 1.0932449455988909E-11 1.492644018790311E-13 1.6006036613395154E-6 3.261076595529152E-8 2.531143833031853E-13 0.0 5.456166268199725E-17 4.818776038301259E-17 1.1662871287206263E-12 5.00160526288598E-12 
0.6283221005545871 3.228370126882905E-17 3.32501878083998E-14 9.192734542988412E-10 1.3604674217831801E-17 1.7610656484237756E-11 7.839749584639725E-13 2.6773346382521854E-10 6.651526397780648E-8 9.43119447459806E-12 0.0 2.5027101840724944E-17 1.7146187466969678E-13 9.952453534770667E-17 1.5054000467756908E-12 2.645588029417636E-14 1.331700130062328E-14 3.4477190464576194E-17 2.261455431674707E-11 0.0 2.4298023721187097E-6 3.4605156952210527E-12 1.3268327844217488E-8 8.429899429331243E-7 0.0 0.015408296678508768 1.78547686479863E-4 4.6411479730451564E-12 0.0 1.005890714549686E-15 
0.6184049359446109 8.151674499669505E-17 4.583952869317939E-16 8.753784848782121E-8 8.635186563666415E-13 4.388546955285493E-10 9.409342795983776E-18 2.271012171741433E-13 0.0 7.219496810933785E-18 4.935410993558949E-13 1.1833982066168606E-14 4.080725266115015E-17 1.597241830122587E-12 1.3875827876298088E-12 1.497594728545835E-16 0.0 7.762075602070907E-16 1.211435004333226E-9 1.828222455421842E-8 6.117900709867478E-11 2.7026531076654522E-17 4.299551662378823E-10 8.421922111744506E-9 2.4084799568461307E-14 2.8633248174270923E-9 3.8497353395610567E-17 4.804277984843695E-14 1.298320623906613E-14 0.0 
0.41706538437706964 4.225083315693734E-15 5.7748933743850865E-16 3.373506726738924E-5 3.195198940411188E-10 8.582015397961623E-14 3.0982482035311717E-14 3.4132584699100163E-15 2.876817573474383E-15 0.0012973184326375766 2.794111070607975E-16 3.481487104611304E-16 2.1643135746106564E-13 6.386493733748417E-14 2.6371007200197226E-13 1.2919058750645267E-8 9.924673034373189E-15 4.992674065195535E-13 4.1648838813921134E-14 0.0 1.0329107429453808E-12 2.7026531076654522E-17 2.614847315982725E-9 3.036619738425709E-11 5.00779549452698E-13 1.1261489418161426E-12 3.8497353395610567E-17 1.1861532065599927E-13 2.8579031690616902E-11 4.631140001229182E-14 
0.42926696131226844 2.4353853114909846E-16 3.403421853437164E-14 6.135911793232319E-11 1.3604674217831801E-17 3.5685554449734835E-10 7.786604708316276E-13 1.8079595681269746E-10 1.3579999298948926E-9 8.688010376649862E-11 1.390953422825488E-16 2.5027101840724944E-17 5.585863816054653E-14 8.689390795635987E-11 3.3021459395869473E-9 1.533286335269823E-11 4.0868816153284285E-10 0.0012808506113590225 1.2396248487410435E-9 3.601463270435024E-14 1.8279856867397185E-10 5.021349344232217E-6 3.199087239326289E-8 8.316805047176392E-7 0.0 1.3673596576361702E-9 5.456166268199725E-17 6.94469833186029E-16 4.2505948868496967E-14 3.820507144119533E-6 
0.06759916043372549 3.228370126882905E-17 6.525077477402176E-13 1.8071046864315663E-11 3.958646135945685E-13 3.656048752898149E-12 2.221509795812867E-15 1.8830295633672598E-10 1.1238411905898872E-8 1.1008501420805952E-12 1.066358455836587E-12 2.5588652105722403E-10 1.2555282605547208E-13 1.388144741239252E-10 6.947896718551112E-9 2.8105447018631134E-13 1.8300855886454746E-14 1.0734671246938267E-13 2.1697530475144165E-16 4.108697618857503E-14 2.1778456156013464E-12 2.7026531076654522E-17 9.296339617214123E-8 5.0864819964169395E-15 3.7619482575128017E-13 8.828320176250638E-8 3.1565245565414463E-16 3.718360080285321E-14 5.5508771473713935E-14 1.081349519002164E-14 
0.036648918848158685 2.812248442905165E-14 5.1432832601144886E-15 2.6012364539690152E-12 1.3604674217831801E-17 2.6306266943112057E-12 1.4067548022516037E-14 0.0 1.0895556053841803E-14 2.6013425965667192E-14 5.6523968880242304E-12 2.5027101840724944E-17 5.219707898246345E-12 1.4739230413773332E-12 8.077812892492368E-15 2.9455382609638062E-15 6.871926647021734E-10 2.4234192350740373E-16 1.2665769493440507E-11 0.0 5.296965640837081E-10 3.9785149511931E-11 4.380066978536481E-12 5.392915205264103E-10 3.6549051042717224E-10 1.4476830932924307E-14 7.605245076452722E-16 3.105091431668246E-15 9.769841493040149E-13 8.671958841970773E-15 
0.010921497356786214 1.8890261827795665E-14 3.22907838454242E-15 2.5720829632505424E-13 7.034956421931202E-8 1.1683204948404276E-16 4.2978971783191057E-13 1.507220528378338E-11 1.7697731376431714E-7 1.1121406661803016E-12 7.815550506817827E-11 2.8349536310077204E-14 3.0435400612087137E-15 9.201463956572518E-12 1.87084608111507E-13 5.779095427562627E-12 9.924673034373189E-15 1.9576498582122263E-14 1.8086389148034591E-10 0.0 1.798510783326722E-10 5.807517627365402E-12 2.1067205395732905E-9 2.9381977562718903E-12 0.0 2.1803771758692388E-11 3.8497353395610567E-17 4.31252003400925E-12 1.1569960186009491E-14 0.02382270437674049 
0.032795717951608114 2.812248442905165E-14 3.941520685578672E-13 3.012467194618393E-15 1.3604674217831801E-17 2.6306266943112057E-12 1.4067548022516037E-14 0.0 1.0895556053841803E-14 2.6013425965667192E-14 5.985053949134298E-12 2.2203905871391546E-16 5.27555211638499E-12 1.432248752589775E-12 8.077812892492368E-15 2.9455382609638062E-15 6.871926647021734E-10 1.9238140905925545E-13 1.2665769493440507E-11 0.0 5.303997400838776E-10 3.9785149511931E-11 4.811972325228204E-10 5.392915205264103E-10 9.867669021925707E-12 5.28072518051073E-15 7.605245076452722E-16 3.105091431668246E-15 9.769841493040149E-13 8.671958841970773E-15 
0.827556407684038 3.228370126882905E-17 5.542327210204987E-17 0.0 1.3604674217831801E-17 8.449467111530246E-17 9.409342795983776E-18 0.0 5.462900322647075E-11 5.28115913402217E-18 1.0580603224104178E-16 2.5027101840724944E-17 4.080725266115015E-17 9.952453534770667E-17 3.0125853289322148E-15 3.450032186492872E-17 0.0 3.4477190464576194E-17 7.717430483415348E-17 0.0 1.906409043403996E-17 2.7026531076654522E-17 0.0 0.0 9.94403410009306E-14 0.0 3.8497353395610567E-17 4.818776038301259E-17 0.0 2.651292835098017E-13 
0.20487272645224422 2.619662868051056E-15 8.928052901064147E-12 2.1559714818506803E-10 2.5379258568781333E-13 8.390046315960524E-11 1.7363086240591085E-16 4.2947899871117955E-10 3.55130945113726E-7 5.28115913402217E-18 2.1086345864084676E-13 5.656760028367313E-16 2.9884346770934954E-11 3.0828764829975605E-14 4.498835449644905E-17 1.3981033085470773E-15 1.11036865709568E-8 4.016910104022348E-12 4.5477081751296626E-10 0.0 2.2046407021447017E-7 6.971008378988568E-10 1.564228621687848E-8 4.999860023701403E-11 1.672175959295064E-14 1.6740444962181025E-14 1.15221199641321E-8 7.198723878589738E-14 5.383205548291837E-12 1.2403203640258614E-14 
0.42673500388768093 3.228370126882905E-17 1.8337924986463868E-14 5.161938076180607E-11 1.3604674217831801E-17 8.449467111530246E-17 9.409342795983776E-18 8.515399684747314E-10 4.414292119075279E-10 1.1215463744449054E-12 1.0654177301255154E-12 1.3907590923360635E-14 2.0128229394525263E-15 1.3688227488065846E-10 5.972291536942727E-11 4.102344282849079E-16 0.0 1.6188361410915705E-16 2.8737949745476664E-10 1.9039109242491705E-15 2.2374918213567604E-12 4.6209188078355175E-14 2.3774595696842202E-9 5.894363115243644E-10 3.932802031774007E-16 9.126757010094774E-8 7.171428397152214E-6 1.657547145941586E-16 1.268872773335197E-13 1.0723425887866216E-14 
0.4186976966237606 4.2719337378113276E-6 8.907368276651913E-14 9.460233336498054E-11 2.264232235286052E-10 1.921141267397459E-6 9.409342795983776E-18 2.1637980771933775E-14 1.1703350689764729E-7 4.073230015497244E-12 1.056473968199474E-12 1.569360188003251E-15 9.406341803020732E-14 1.3142976522463125E-10 5.791539286288316E-11 2.464387338532007E-10 0.0 2.892779293690322E-12 6.774462732213694E-10 4.250269249587673E-16 1.4572093338508186E-6 7.125490048588675E-10 2.9535693573280364E-11 9.221228462850928E-8 0.0 9.692723546052852E-8 3.069125909024046E-4 5.911622556918376E-16 0.0 1.8867432950154556E-13 
0.18644664447104112 3.228370126882905E-17 1.1705381316181768E-15 2.4115607275242773E-6 1.0148132917299755E-8 5.81774542512162E-14 1.5273227216526117E-12 3.4132584699100163E-15 2.876817573474383E-15 3.482357479442463E-11 1.0580603224104178E-16 2.6607139579181573E-14 2.172995294113094E-13 9.952453534770667E-17 0.049119267193330075 9.841875740216864E-8 0.0 5.125101766197783E-13 3.181754140794464E-13 0.0 2.655693807907773E-11 9.247660874680272E-16 2.714150273092742E-9 0.0 0.0 9.29859871495448E-8 1.3348814223121082E-7 9.184618545917799E-6 8.579301385769578E-13 1.728315589036832E-11 
0.42416538276410115 1.3910113028878796E-15 4.702913210385287E-12 5.3223140288549033E-11 1.9341359693139523E-10 1.4446372906776784E-12 8.44802208112633E-12 6.052694287841385E-10 2.3154723293747703E-8 2.492107613500981E-13 1.4204259146951088E-11 5.678403580873639E-11 6.101852661800732E-14 3.550725958175222E-9 4.317390937164588E-15 4.4975819496283687E-13 6.247564169620721E-14 2.157602934209844E-12 2.187348526758615E-5 8.283057221143143E-7 2.55123928091338E-10 1.3834243672023834E-6 2.2520111612814968E-8 1.9265136435746092E-10 1.9039758997873716E-12 1.0589875297783786E-14 3.1565245565414463E-16 5.616930768170815E-13 4.3580344245834923E-13 4.951725184834397E-14 
0.01304958408130985 3.228370126882905E-17 2.0911677946789865E-16 1.3261687828647658E-14 6.421457545504197E-11 8.449467111530246E-17 4.19967372701118E-15 1.0341666333797758E-16 2.876817573474383E-15 5.2744304888912165E-14 0.0 2.5027101840724944E-17 2.2848679678538044E-13 1.8527161011587342E-14 1.5517744798878964E-10 1.2708362661115545E-8 0.0 3.4477190464576194E-17 3.2615870003942554E-6 0.0 1.906409043403996E-17 1.1562126336796236E-14 9.490921557328264E-6 8.295124009128295E-11 1.2572588089792066E-16 1.4658277137721393E-14 3.8497353395610567E-17 0.0016165839258251017 0.005316265479072067 1.2597273872260184E-7 
0.645851443714136 3.228370126882905E-17 4.583952869317939E-16 5.1246804468176944E-11 1.3604674217831801E-17 1.0036795383488025E-10 9.409342795983776E-18 1.1477283620716164E-10 2.876817573474383E-15 1.7417166618456166E-15 6.007592257215826E-12 1.340902660362054E-12 8.617327549906789E-12 1.2542622730690655E-12 2.776871974150224E-13 5.648835169641915E-14 1.7656167047937218E-15 3.4477190464576194E-17 1.6000055916127792E-12 0.0 1.4069738099117476E-13 1.7457603473658087E-9 3.073177497299783E-11 4.359178772639711E-12 5.092181767546708E-11 0.0 3.8497353395610567E-17 4.690724022603114E-4 2.749757430346273E-13 1.7853385044488783E-16 
0.22700182044711648 7.666530135285456E-14 7.897122054582471E-8 0.0 1.3604674217831801E-17 8.449467111530246E-17 9.409342795983776E-18 8.427598960135147E-12 1.7937067766230625E-8 9.011306458672693E-15 5.486714005687127E-12 2.900626110653616E-14 2.2532976771376396E-13 1.996831126294628E-12 2.7765268529604567E-12 1.384272050517046E-6 0.0 8.400245442139196E-16 2.7362281271633147E-9 0.0 6.665029422403838E-12 5.683887348279029E-11 1.5308527828250675E-10 0.0 6.481325812716005E-14 4.981493750888655E-12 1.2203643366724692E-10 1.0141915903883247E-5 1.7146510845320203E-17 8.213721183701556E-17 
0.20636344602647466 3.031500531826576E-14 9.277629079794301E-12 2.1559714818506803E-10 2.5379258568781333E-13 8.518951689826259E-11 2.5090523080779417E-14 4.0706331223412984E-10 3.55130945113726E-7 5.28115913402217E-18 7.429299153506759E-16 5.656760028367313E-16 6.973536014637887E-13 5.990021774923548E-16 8.077812892492368E-15 5.940382049731744E-14 1.16189843268416E-8 2.264326750860472E-14 4.601409667925505E-10 0.0 1.013157018587646E-9 6.007325861748969E-14 1.5515456109152596E-8 5.766959129960555E-10 3.066887135391142E-14 1.6359564124560457E-14 1.15221199641321E-8 7.395112638241405E-14 9.643837863399472E-13 1.2362169874250433E-14 
0.8297293610636554 3.228370126882905E-17 1.8337924986463868E-14 5.1505741283692E-11 1.3604674217831801E-17 1.1851411942056557E-15 1.2204531309179175E-16 5.816469044387833E-10 3.6941544796133645E-10 1.0984047673361823E-12 1.06246881509791E-12 3.4903158336207997E-9 1.1464543896678986E-16 2.8471167521743722E-9 5.998723613889802E-13 4.102344282849079E-16 0.0 3.4477190464576194E-17 3.721976773612956E-12 3.4570447976612905E-14 2.030892731832041E-14 6.426503413059468E-16 2.589323541258544E-9 6.174243623846864E-10 3.937859502254788E-13 1.8311468617290667E-9 7.171428397152214E-6 4.818776038301259E-17 3.035853257646106E-13 1.0723425887866216E-14 
0.8314505623868265 7.981185295001556E-16 1.5077643688727008E-13 1.2509630103298522E-6 1.3604674217831801E-17 6.37450148110692E-12 9.409342795983776E-18 1.1966950564231967E-9 6.514378396604466E-9 7.699028231984836E-5 1.494478913200947E-14 2.7994751957077903E-14 9.292643552824101E-14 4.46654816636775E-12 7.999787510588945E-13 6.059915235028583E-12 0.0 3.4477190464576194E-17 2.0313553997418352E-11 1.4113518308294048E-12 6.541793314759909E-12 2.926483265230361E-9 2.020521410333022E-9 4.380644404431813E-13 8.600251598562767E-12 1.7641147889572432E-14 3.810866779816349E-10 4.818776038301259E-17 1.1087502551655043E-9 1.3177576471665971E-12 
0.44251031931624407 2.4353853114909846E-16 1.0783075685155736E-9 2.772437289965604E-7 6.516938121714107E-7 8.449467111530246E-17 2.1153625530316378E-12 1.1009843826075643E-10 1.2329828640314017E-8 8.618529153930344E-14 0.0 7.473169705276762E-6 6.017153702744893E-5 2.0598213665721083E-10 2.5850467340127115E-13 3.450032186492872E-17 5.747690648576041E-14 3.614206454875765E-13 6.5042451399997715E-6 0.0 1.8125968729402552E-10 2.08229250336929E-9 3.2266177213824454E-10 4.4825717424983383E-7 2.9908243977394754E-13 6.6809143057688845E-12 6.319388657597181E-14 8.07645188306361E-13 1.597304470838269E-14 3.119730356536302E-9 
0.40936684517878275 3.228370126882905E-17 5.542327210204987E-17 2.0947383058398328E-12 1.3604674217831801E-17 4.5373820641547823E-10 9.409342795983776E-18 1.0341666333797758E-16 8.56403254419268E-14 5.28115913402217E-18 0.0 2.5027101840724944E-17 4.080725266115015E-17 9.952453534770667E-17 5.972658343029075E-4 3.450032186492872E-17 0.0 3.4477190464576194E-17 0.0 0.0 8.331549495392272E-15 2.7026531076654522E-17 0.0 0.0015141904329409417 0.0 0.0 2.53883235318338E-16 1.5921006284552824E-16 0.0 8.213721183701556E-17 
0.18717239459449075 7.981185295001556E-16 5.542327210204987E-17 7.925760326248352E-8 9.463190946653297E-9 6.354174055227336E-12 1.5273227216526117E-12 3.4132584699100163E-15 2.876817573474383E-15 3.482357479442463E-11 1.0580603224104178E-16 2.7044258813817707E-14 7.209177250231404E-15 9.952453534770667E-17 2.6371007200197226E-13 6.180006090983005E-8 0.0 5.125101766197783E-13 3.181754140794464E-13 0.0 5.217563367362521E-12 2.7026531076654522E-17 1.5412090972185535E-10 0.0 0.0 9.29859871495448E-8 1.3348814223121082E-7 2.6227417515278834E-13 8.709795500991738E-13 2.8951679574711814E-16 
0.6386645310927164 7.095022458860799E-16 2.5732893272378744E-12 3.352720321190214E-4 1.7108853826149973E-9 1.984773654807687E-12 9.409342795983776E-18 2.584545614688667E-10 6.559310050790516E-10 2.5598780470737086E-14 1.390953422825488E-16 5.1513310587513175E-11 2.89073149112395E-15 7.282018427516085E-15 3.1435875337006286E-7 1.5137794170923802E-11 8.057345394151154E-7 3.2040725589130656E-9 3.541916328982508E-12 3.316227383797515E-8 2.3515590777247411E-7 7.226774158205578E-9 8.948252601365066E-12 1.1768784205143862E-9 2.9654915650396597E-10 3.0587211421145526E-13 5.456166268199725E-17 1.5921006284552824E-16 5.698807362782731E-12 5.044238591937347E-12 
0.4165677543484113 3.228370126882905E-17 1.08546446045393E-9 3.1325796028672302E-6 3.9840274508156816E-8 3.4795617825323737E-10 1.3614159798356992E-13 5.971313245655176E-13 2.426196608170868E-11 2.6013425965667192E-14 1.390953422825488E-16 6.26430834566737E-13 1.512739413659553E-14 3.473152703039293E-9 2.7507705606546576E-11 1.530122242576295E-11 1.44091273526529E-8 0.05219678650835776 3.7221147264008494E-13 1.7310970424642351E-9 2.3515590777247411E-7 2.3012433308111755E-4 3.2227047045840477E-8 5.982040922568828E-10 2.909590762300053E-10 1.1198853044049189E-14 5.456166268199725E-17 4.818776038301259E-17 6.0397617737046755E-12 1.0122786528684938E-13 
0.6327791244323129 3.228370126882905E-17 5.542327210204987E-17 3.20677015931378E-5 1.3604674217831801E-17 8.449467111530246E-17 9.409342795983776E-18 0.0 6.109723530386035E-8 0.0735687358525003 1.0580603224104178E-16 2.5027101840724944E-17 4.682593918347796E-16 1.8801983606070686E-10 1.560106569589647E-16 3.450032186492872E-17 0.0 3.4477190464576194E-17 2.1224357525913242E-5 1.1170670573830742E-10 1.6702879635442002E-13 8.224606595559213E-11 1.997718225040464E-10 5.894280335769564E-10 1.2572588089792066E-16 3.3771498437504565E-12 4.4438746962695145E-7 1.132831378970791E-15 1.3259742661527375E-13 1.931595142995312E-16 
0.8346482686733658 1.433060037313447E-16 1.4722876482215373E-13 4.043151454087389E-14 1.3604674217831801E-17 8.449467111530246E-17 9.409342795983776E-18 4.969421122834303E-12 6.514378396604466E-9 0.0013541708523016217 1.0580603224104178E-16 2.5027101840724944E-17 9.292643552824101E-14 9.952453534770667E-17 8.996939160803895E-15 3.450032186492872E-17 0.0 3.4477190464576194E-17 1.8819660729666913E-16 0.0 1.906409043403996E-17 2.978590887535999E-13 3.9147918835538136E-8 0.0 0.0 1.0913461298126903E-12 3.810866779816349E-10 4.818776038301259E-17 1.119504284508605E-9 1.343083032160894E-12 
0.41371017110675123 3.228370126882905E-17 3.2647644129126036E-13 2.8423246995874383E-12 1.3604674217831801E-17 9.538951839069563E-15 1.6526429621336695E-12 2.2423670691141944E-11 8.136749507810667E-11 1.1215463744449054E-12 1.0654177301255154E-12 1.3907590923360635E-14 1.5361676456273153E-11 1.372992891706219E-10 5.856186388649289E-11 1.9063429385417784E-15 0.0 1.6188361410915705E-16 2.8737949745476664E-10 1.9039109242491705E-15 2.2374918213567604E-12 4.348425361880606E-14 2.3774595696842202E-9 2.997286092520406E-10 1.6042177928889843E-14 4.859408075982391E-10 7.171428397152214E-6 1.657547145941586E-16 1.268872773335197E-13 1.0723425887866216E-14 
0.8354629067317625 9.350220064240633E-15 5.542327210204987E-17 0.0 1.3604674217831801E-17 8.449467111530246E-17 9.409342795983776E-18 0.0 9.089905943611487E-12 5.28115913402217E-18 0.0 2.2748295353528002E-11 4.080725266115015E-17 7.920169371888488E-16 1.560106569589647E-16 2.3784291149988495E-12 0.0 8.025372554432146E-14 1.8819660729666913E-16 1.4982096171672189E-12 1.906409043403996E-17 2.7026531076654522E-17 1.4656493093744168E-9 2.4470410982420924E-12 0.0 9.932269431697128E-12 3.8497353395610567E-17 0.03401584304715297 2.2599049684094737E-14 1.931595142995312E-16 
0.8304445713936404 3.228370126882905E-17 5.542327210204987E-17 0.0 1.3604674217831801E-17 8.449467111530246E-17 9.409342795983776E-18 1.0341666333797758E-16 0.0 5.28115913402217E-18 0.0 2.5027101840724944E-17 4.080725266115015E-17 9.952453534770667E-17 1.560106569589647E-16 3.450032186492872E-17 0.0 3.4477190464576194E-17 0.0 0.0 4.791055049419948E-14 2.7026531076654522E-17 0.0 0.0 0.0 0.0 3.8497353395610567E-17 9.682266884227482E-12 0.0 0.010505422036998736 
0.018082808907862513 7.007154326301538E-14 5.542327210204987E-17 4.2116527483081466E-7 5.442745951034213E-10 2.2729544947259388E-5 4.214015156516406E-13 1.507220528378338E-11 1.7535882612548193E-7 1.1121406661803016E-12 7.815550506817827E-11 2.748703790575996E-14 8.685296087004731E-15 9.201463956572518E-12 2.3535354024344756E-11 5.5110589900923444E-5 9.924673034373189E-15 5.066602025589843E-13 1.9280356897423594E-10 3.803314180744484E-8 1.798510783326722E-10 3.843562398725107E-9 2.1047956853801827E-9 2.9381977562718903E-12 7.120679889737841E-13 2.098327289485102E-11 3.8497353395610567E-17 1.4241900628631111E-12 1.132990323634512E-12 5.276639180918728E-4 
0.41294172982074384 3.187821933775819E-15 1.1633775470791292E-13 2.9088075209430877E-13 6.111788874647013E-8 1.05837984250177E-14 5.2208571347231375E-14 3.2273444742306576E-11 5.487466440085751E-13 1.1121404240784311E-12 1.0580603224104178E-16 4.618966624092799E-14 1.217017909327425E-13 9.952453534770667E-17 2.425762645498505E-7 3.450032186492872E-17 1.8300855886454746E-14 9.308969348161744E-14 0.0 4.261884356191459E-14 6.74070984268226E-11 8.899553727539976E-11 2.121436506034972E-7 2.1479430916100597E-9 5.1829580762697675E-14 1.284235465925262E-10 1.0152960537641533E-14 6.965176747926047E-16 5.81657501481071E-12 0.028746237214252113 
0.4147595171782947 3.228370126882905E-17 5.268527051814286E-14 2.937063692405547E-11 1.3604674217831801E-17 8.449467111530246E-17 9.409342795983776E-18 4.155644959721579E-10 2.911528654759365E-6 5.28115913402217E-18 3.372552597999977E-12 1.3505225625977087E-12 3.9211989404245236E-13 2.2864934467437157E-12 3.230472425778236E-5 5.785712676681359E-17 4.5261678012753636E-17 2.7059302257441594E-15 9.057297612024475E-13 0.0 2.665930595895141E-11 8.647582021909343E-15 2.2452273809563175E-11 2.1609328162081745E-13 0.0 0.0 3.057251375057293E-14 2.2130860144649604E-5 2.960591966916167E-14 4.2357146935785075E-13 
0.2528103691228989 4.428969546899736E-18 3.0081769015060395E-13 7.15128184488095E-10 1.3467980647834514E-15 8.449467111530246E-17 9.409342795983776E-18 8.2389970860249E-10 1.6478778453399132E-13 3.5964287645715795E-11 5.460893352405907E-12 2.5027101840724944E-17 4.080725266115015E-17 2.575872479514412E-12 1.1223150385159125E-8 2.508058354391874E-10 0.0 2.0595439039119482E-15 6.799500468759658E-10 1.3561874169922297E-15 1.906409043403996E-17 6.979218439602164E-10 0.0 4.838890970032268E-13 2.8739769974850243E-9 5.2224179580001985E-9 5.456166268199725E-17 8.803349764778327E-15 0.0 0.0 
0.8262918445282968 3.440161302741022E-15 5.542327210204987E-17 4.317564052189673E-7 6.045682149339514E-12 0.002992909812111033 6.516935620467653E-13 2.586650711946172E-10 4.02423981141086E-10 9.334313867732266E-14 0.0 2.5027101840724944E-17 4.080725266115015E-17 3.5952919940563147E-6 2.2132211511046098E-11 5.80583486014149E-5 0.0 1.3446509115088272E-13 1.7466810967736153E-9 3.884054337810445E-8 4.240204770682811E-12 1.4366620389661938E-6 2.7069605744877363E-9 9.572456983981362E-15 9.828511096095724E-12 1.41181071228577E-14 4.632138493835227E-15 6.541719408631529E-15 0.0 6.593995593028425E-6 
0.2265308867338435 3.228370126882905E-17 4.4705159641068875E-13 5.320438562734709E-11 1.7860453129190614E-15 7.397482581352734E-13 1.2204531309179175E-16 6.202754321001565E-12 1.9093159478702833E-8 1.1033178830615393E-12 1.0580603224104178E-16 3.350082246910545E-12 2.209835051898861E-13 8.015137717017655E-14 5.708431348368088E-15 5.8366067757925984E-12 3.673884117203865E-9 1.6097681305664886E-15 5.059474795325826E-12 8.900791732812391E-14 2.3255338901270317E-11 1.3718232380647086E-12 4.0440421610450697E-7 5.94575320028782E-10 4.208961200437618E-14 8.889391056362665E-8 5.456166268199725E-17 9.803635519749226E-7 2.5218601164969096E-16 8.213721183701556E-17 
0.6365672678133586 3.2871209462152287E-16 1.2025552172351763E-15 0.0 3.975678682632896E-8 5.425921154205199E-13 5.66764095848611E-14 1.0341666333797758E-16 0.0 5.28115913402217E-18 0.0 2.5027101840724944E-17 2.89073149112395E-15 1.947401928528085E-6 1.560106569589647E-16 1.5390127774928072E-11 1.3941426857688108E-10 3.4477190464576194E-17 2.251321004420885E-12 3.3897588788224626E-8 5.115717126658117E-10 7.0804088666419235E-9 1.7635118874047627E-8 1.261560671885304E-9 2.984192442622479E-10 3.097845635761239E-12 3.8497353395610567E-17 4.818776038301259E-17 2.5805177289926025E-16 4.714638920835654E-12 
0.42371184631511977 2.4353853114909846E-16 4.702913210385287E-12 2.1976223014836924E-14 3.608898093089288E-10 1.4446372906776784E-12 8.44802208112633E-12 6.052694287841385E-10 6.060264341621476E-8 1.9089621441838023E-12 1.4204259146951088E-11 5.678403580873639E-11 6.101852661800732E-14 3.550725958175222E-9 1.1503707276494438E-12 4.4975819496283687E-13 0.0 2.157602934209844E-12 2.187348526758615E-5 8.283057221143143E-7 2.55123928091338E-10 1.654631225058413E-11 3.88499718546188E-8 5.99677287749681E-10 1.9039758997873716E-12 1.0589875297783786E-14 3.1565245565414463E-16 5.616930768170815E-13 4.2298712252654867E-13 2.7473581651813073E-14 
0.4478255094932654 3.3091946578195668E-15 6.588951830875485E-13 5.3020495858399457E-5 7.633118147573324E-8 3.733312972267196E-12 2.1731358476417693E-12 1.8984958226803154E-10 0.0 1.2475430063061618E-8 1.1285339127351399E-12 1.0280776551385928E-11 1.2461887682833508E-13 8.850333900160714E-15 1.8159620553388646E-10 1.251028052621632E-10 0.0 1.6759359063469988E-13 1.8819660729666913E-16 1.4972097217466157E-12 9.08070850032605E-11 1.4685909768280435E-11 0.0 4.130816659455625E-13 1.5892799483303172E-14 9.284960998304135E-13 2.565990919816206E-16 1.9176541434855054E-6 5.584155274695317E-14 1.931595142995312E-16 
0.6359591169246752 7.095022458860799E-16 1.1336410526876158E-9 3.352720321190214E-4 4.052533308512021E-8 3.5821236503777453E-10 9.409342795983776E-18 2.584545614688667E-10 6.130952661782624E-8 2.6013425965667192E-14 1.390953422825488E-16 5.1513310587513175E-11 2.89073149112395E-15 8.570087703208919E-14 3.181402282933887E-7 1.530122242576295E-11 8.057345394151154E-7 3.2040725589130656E-9 1.1219442245679703E-10 3.316227383797515E-8 2.3515590777247411E-7 7.0902756996626455E-9 3.209702637235967E-8 1.2529469950715464E-9 2.9654915650396597E-10 3.208825877065056E-13 5.456166268199725E-17 4.818776038301259E-17 5.698807362782731E-12 4.9331607318076245E-12 
0.6280516266644219 6.881238243916495E-14 4.2795348739558395E-16 8.509438415042583E-10 1.3604674217831801E-17 1.7610656484237756E-11 1.2452979080325213E-14 2.6773346382521854E-10 9.837565698732372E-6 1.339693235454689E-12 1.0580603224104178E-16 2.5027101840724944E-17 5.285931710124721E-13 9.115824723833384E-12 1.5054000467756908E-12 1.2040449244193445E-11 4.025230033491077E-16 3.4477190464576194E-17 2.669507456382115E-11 0.0 1.470865213328347E-6 9.303093678498885E-10 1.3268327844217488E-8 2.2093796359604516E-8 5.39317668721889E-16 2.4670360133140366E-11 2.043515985718235E-4 4.6411479730451564E-12 1.0877527477029237E-12 0.02310576109468991 
0.6397358478778273 3.228370126882905E-17 9.069281031928523E-13 4.675409084315937E-13 7.525859080049634E-13 1.536485599558439E-11 5.96845862895679E-12 6.726591090299962E-12 1.6146944947056826E-13 1.6176217225063976E-11 7.837908209971594E-13 7.195013037744525E-13 1.582704290542352E-11 4.765450894860943E-13 8.53813435092305E-11 6.344209948977766E-10 0.0 5.279973562166385E-15 1.63824736543894E-7 1.6324614678099055E-6 2.629829174426678E-11 8.924932057661334E-13 3.2620432065634883E-7 1.1880493952976909E-9 0.0 8.034041406817338E-13 6.27075738497051E-11 1.7197277480941275E-8 4.6740950272705336E-4 6.052227664741108E-6 
0.006422444540724853 3.228370126882905E-17 5.542327210204987E-17 2.6139725753302077E-12 1.3604674217831801E-17 8.449467111530246E-17 9.409342795983776E-18 0.0 4.613334615410623E-15 5.28115913402217E-18 1.0580603224104178E-16 2.5027101840724944E-17 4.080725266115015E-17 9.952453534770667E-17 1.560106569589647E-16 3.450032186492872E-17 0.0 3.4477190464576194E-17 0.0 0.0 1.906409043403996E-17 2.7026531076654522E-17 0.0 8.081713553170048E-13 6.997883498654227E-12 1.440187558878692E-14 5.456166268199725E-17 4.818776038301259E-17 0.0 1.931595142995312E-16 
0.21877069572566285 7.981185295001556E-16 5.542327210204987E-17 0.0 6.681632323782204E-12 0.004531928791974035 9.409342795983776E-18 1.0341666333797758E-16 0.0 5.28115913402217E-18 1.0580603224104178E-16 1.7027995018244058E-15 2.795629782949746E-15 8.837550626471332E-11 0.0012543129434229212 1.7802503942105552E-6 0.0 5.856114963333586E-14 0.0 5.108725365533754E-4 1.906409043403996E-17 2.7026531076654522E-17 5.621625002135499E-12 1.6121763180130219E-15 3.932802031774007E-16 0.0 5.456166268199725E-17 0.0016981493837583718 0.0 9.996371121681793E-14 
0.8427370616169233 3.1246469644548917E-14 2.2792514401208634E-13 2.2535462119043674E-15 2.3424225975453923E-9 2.698299197641597E-12 1.2415715691260188E-14 8.386956032946497E-8 3.2744630446212014E-10 1.5324308068888744E-8 0.0 8.821306298857029E-11 4.080725266115015E-17 0.0010287728184185108 6.47639225223552E-7 7.768822851583754E-12 0.0 3.4477190464576194E-17 7.717430483415348E-17 5.021179779274979E-15 3.8028895492228956E-8 3.7578847852205335E-13 1.7384572255685537E-8 2.783743561742603E-15 2.5740090687728605E-14 1.0406741890801876E-10 4.387184825057185E-16 1.0271339122291436E-11 1.5177727565723233E-14 1.703445920855209E-13 
