0.0 0.0 3.198044064908258E-16 4.6488741601960274E-17 1.4044955494813104E-16 1.3037931666602422E-16 5.14707867707528E-17 7.919452851970526E-17 8.641707525690524E-17 6.806062562951066E-17 2.393983635848571E-18 0.0 1.4052681858001538E-17 9.589877384504617E-17 0.0 3.489210724275569E-17 6.456957105221606E-17 2.2908727182043345E-17 7.346234003274935E-17 6.504107878871016E-17 5.32069090114426E-17 2.374766197237763E-16 0.0 0.0 2.1135500906082683E-17 3.265677243009609E-17 4.609151358120965E-17 0.0 4.59858787933652E-17 1.3812741729861151E-17 
0.8518324859326338 0.0 3.198044064908258E-16 4.6488741601960274E-17 1.4044955494813104E-16 1.3037931666602422E-16 5.14707867707528E-17 7.919452851970526E-17 0.0 6.806062562951066E-17 2.393983635848571E-18 0.0 1.4052681858001538E-17 9.589877384504617E-17 0.0 3.489210724275569E-17 6.456957105221606E-17 2.2908727182043345E-17 7.346234003274935E-17 6.504107878871016E-17 5.32069090114426E-17 2.374766197237763E-16 0.0 0.0 2.1135500906082683E-17 3.265677243009609E-17 4.609151358120965E-17 0.0 4.59858787933652E-17 1.3812741729861151E-17 
0.8518324859326338 0.0 3.198044064908258E-16 4.6488741601960274E-17 1.4044955494813104E-16 1.3037931666602422E-16 5.14707867707528E-17 7.919452851970526E-17 0.0 6.806062562951066E-17 2.393983635848571E-18 0.0 1.4052681858001538E-17 9.589877384504617E-17 0.0 3.489210724275569E-17 6.456957105221606E-17 2.2908727182043345E-17 7.346234003274935E-17 6.504107878871016E-17 5.32069090114426E-17 2.374766197237763E-16 0.0 0.0 2.1135500906082683E-17 3.265677243009609E-17 4.609151358120965E-17 0.0 4.59858787933652E-17 1.3812741729861151E-17 
0.0 0.0 3.198044064908258E-16 4.6488741601960274E-17 1.4044955494813104E-16 1.3037931666602422E-16 5.14707867707528E-17 7.919452851970526E-17 0.0 6.806062562951066E-17 2.393983635848571E-18 0.0 1.4052681858001538E-17 9.589877384504617E-17 0.0 3.489210724275569E-17 6.456957105221606E-17 2.2908727182043345E-17 7.346234003274935E-17 6.504107878871016E-17 5.32069090114426E-17 2.374766197237763E-16 0.0 0.0 2.1135500906082683E-17 3.265677243009609E-17 4.609151358120965E-17 0.0 4.59858787933652E-17 1.3812741729861151E-17 
0.08976386827700034 0.0 3.198044064908258E-16 4.6488741601960274E-17 1.4044955494813104E-16 1.3037931666602422E-16 5.14707867707528E-17 7.919452851970526E-17 8.641707525690524E-17 6.806062562951066E-17 2.393983635848571E-18 0.0 1.4052681858001538E-17 9.589877384504617E-17 0.0 3.489210724275569E-17 6.456957105221606E-17 2.2908727182043345E-17 7.346234003274935E-17 6.504107878871016E-17 5.32069090114426E-17 2.374766197237763E-16 0.0 0.0 2.1135500906082683E-17 3.265677243009609E-17 4.609151358120965E-17 0.0 4.59858787933652E-17 1.3812741729861151E-17 
0.6423490761040372 0.0 0.015149180100171057 4.6488741601960274E-17 1.4044955494813104E-16 1.3037931666602422E-16 5.14707867707528E-17 7.919452851970526E-17 8.641707525690524E-17 6.806062562951066E-17 2.393983635848571E-18 3.083920155595069E-12 1.4052681858001538E-17 0.14343465563416183 0.0 3.489210724275569E-17 6.456957105221606E-17 2.2908727182043345E-17 7.346234003274935E-17 6.504107878871016E-17 5.32069090114426E-17 2.374766197237763E-16 0.0 0.0 2.1135500906082683E-17 3.265677243009609E-17 4.609151358120965E-17 0.0 4.59858787933652E-17 1.3812741729861151E-17 
0.5999804042938315 0.0 3.198044064908258E-16 4.6488741601960274E-17 1.6496884150779092E-9 1.3037931666602422E-16 5.14707867707528E-17 7.919452851970526E-17 2.1565149379842727E-13 6.806062562951066E-17 2.393983635848571E-18 0.0 1.4052681858001538E-17 9.589877384504617E-17 5.418940337885569E-5 4.088312072418089E-5 6.456957105221606E-17 2.2908727182043345E-17 7.346234003274935E-17 6.504107878871016E-17 5.32069090114426E-17 2.374766197237763E-16 0.0 0.0 2.1135500906082683E-17 3.265677243009609E-17 4.609151358120965E-17 0.0 4.59858787933652E-17 1.3812741729861151E-17 
0.25705428206711345 0.0 3.198044064908258E-16 4.6488741601960274E-17 1.4044955494813104E-16 1.3037931666602422E-16 5.14707867707528E-17 7.919452851970526E-17 8.641707525690524E-17 6.806062562951066E-17 2.393983635848571E-18 0.0 1.4052681858001538E-17 9.589877384504617E-17 0.0 0.062405828961624644 6.456957105221606E-17 2.2908727182043345E-17 7.346234003274935E-17 6.504107878871016E-17 5.32069090114426E-17 2.374766197237763E-16 0.0 0.0 2.1135500906082683E-17 3.265677243009609E-17 4.609151358120965E-17 0.0 4.59858787933652E-17 1.3812741729861151E-17 
0.8340396175929123 0.0 3.198044064908258E-16 4.6488741601960274E-17 1.4044955494813104E-16 1.3037931666602422E-16 5.14707867707528E-17 3.246908023346871E-4 8.641707525690524E-17 6.806062562951066E-17 2.393983635848571E-18 0.0 1.4052681858001538E-17 9.589877384504617E-17 5.297377251411231E-4 3.489210724275569E-17 6.456957105221606E-17 2.2908727182043345E-17 7.346234003274935E-17 6.504107878871016E-17 5.32069090114426E-17 1.2645431726126064E-16 0.0 0.0 2.1135500906082683E-17 3.265677243009609E-17 4.609151358120965E-17 0.0 4.59858787933652E-17 1.3812741729861151E-17 
0.2576074641266942 0.0 3.198044064908258E-16 4.6488741601960274E-17 1.4044955494813104E-16 1.3037931666602422E-16 5.14707867707528E-17 7.919452851970526E-17 0.0 6.806062562951066E-17 2.393983635848571E-18 0.0 1.4052681858001538E-17 9.589877384504617E-17 0.0 3.489210724275569E-17 0.0 2.2908727182043345E-17 7.346234003274935E-17 6.504107878871016E-17 5.32069090114426E-17 2.374766197237763E-16 0.0 0.0 2.1135500906082683E-17 3.265677243009609E-17 4.609151358120965E-17 0.0 4.59858787933652E-17 1.3812741729861151E-17 
