1.0 1.3322676295501886E-15 
4.114841390008313E-17 1.0000000000000007 
4.114841390008313E-17 1.0000000000000007 
1.0 1.3322676295501886E-15 
0.5316327069894295 0.7173666673945642 
0.5478744296876529 0.6998348062711444 
0.5017605691843245 0.7514412966199827 
0.7953101747303716 0.36748579776627366 
0.7795849047339221 0.39225192027013883 
0.30377954731867685 0.9077206731777244 
0.9519998045772695 0.09369664324952146 
0.36229808732558827 0.8687402695850416 
0.5691123929583466 0.6761111043929932 
0.7602894833461331 0.42196376371925814 
0.28081493148625136 0.9211461799269745 
0.15139239394175932 0.9770815648714742 
0.17874520722042492 0.9680538765072181 
0.8324256969423098 0.3070690162029581 
0.37858616558170477 0.856672656102856 
0.4400082511802348 0.8063940129920377 
0.7722580006938806 0.4036187264167632 
0.8037918325077953 0.3539187524830765 
0.9082594236344963 0.17507033909064743 
0.8206895986770908 0.32650555732348974 
0.3921350529796665 0.8462301472107301 
0.9395333883777965 0.11732026626749878 
0.4600460348956718 0.7883589686824612 
0.7410384011435655 0.4508678206853705 
0.08423629587523246 0.9929063402331004 
0.2701946122540513 0.9269958061085458 
0.9589841398253123 0.0803495466771238 
0.9220352704452613 0.1498554088301278 
0.6573968415055461 0.5678307267163375 
0.868666643155698 0.24542246044657187 
0.3462650949711914 0.8801005027691975 
0.6416336797325363 0.5883062842536556 
0.7320561626138106 0.46409378896528186 
0.4840943611681261 0.7656526621241291 
0.42037473474577347 0.8232891269822615 
0.3168417562673591 0.8996113127012452 
0.9776091675032557 0.04428150515974249 
0.8995046146558632 0.1908931444985069 
0.7214424801978537 0.4941924483181821 
0.9818634647420267 0.03594414531976595 
0.649994325663601 0.5775074334830276 
0.8536466231339818 0.2712878546504803 
0.9322297880833027 0.1352779596684175 
0.8430544887275638 0.2892591551806206 
0.4045183210650726 0.8363657283415636 
0.618378254495354 0.6176118186148126 
0.05309723644964731 0.9971806834814109 
0.9691590416846867 0.06073077088097601 
0.49333042789965986 0.756651327753761 
0.6848140211151618 0.5310297667183473 
0.03131757099307825 0.9990230138422352 
0.11006785953140111 0.9878852498345546 
0.5908118669236656 0.6509413510864434 
0.6173949399549294 0.6188235105161329 
0.3272742513745248 0.8928919671963302 
0.9665591809846092 0.06576396842540276 
0.6035676144133816 0.6357226294446485 
0.2530962577717556 0.9359423245559582 
0.6035676144133816 0.6357226294446485 
0.8142189710870533 0.3378502784105612 
0.41114939905108666 0.8321542957337759 
0.023778974075348513 0.9994356881339624 
0.23476455280067016 0.9448881392248173 
0.8918421771639133 0.2046176020233157 
0.8404311702990592 0.29367573111750844 
0.21567879581539207 0.9534832871589733 
0.13874548165882594 0.980749712520481 
0.8892954193118747 0.20915980504535506 
0.6933513368474338 0.5192639379920659 
0.6329210689587074 0.5994115699223723 
0.6683055899772397 0.5558049646813341 
0.06679714864412828 0.9955381538754887 
0.751081378823667 0.4358767706421858 
0.8821091162395589 0.2219454423597001 
0.5734972575774625 0.671102214391223 
0.6329210689587074 0.5994115699223723 
0.2053644160002871 0.9578267147314902 
0.9930160410530963 0.013920040295865091 
0.7498092466266779 0.43778612858436095 
0.4636694381645018 0.7850115393399874 
0.9227838906540198 0.14847089663111568 
0.5827495205512431 0.663889332758396 
0.9051833197544255 0.1806448015696822 
0.7253386585386364 0.47389055464813773 
0.12898716608837257 0.9833623188316999 
0.003511554366170788 0.9999880247756752 
0.9899079283084627 0.020317230363479113 
0.7234686739851669 0.47998995709847064 
0.2507521918558697 0.9371266756348932 
0.19061247246551755 0.963667343570168 
0.7067691230362347 0.5005046534274302 
0.43237947808433913 0.8150482632887592 
0.6981496473724456 0.5125914556268404 
0.2250946553130011 0.9493325285336276 
0.8644354761374624 0.2563349226608291 
0.47370953132913063 0.7756122315317815 
