5.3939058081153846E-17 7.84518599796245E-17 7.872221283387337E-17 1.0836178664439291E-16 0.0 1.4724492851707432E-16 4.140049754008809E-17 5.149249231673767E-17 0.0 0.0 2.112643970362837E-17 0.0 3.4647655919497365E-17 1.3794001506076046E-16 0.0 6.154213383667572E-17 6.407119593690254E-17 0.0 4.2020954050895083E-17 3.3668349727841325E-17 1.418216079609761E-16 9.350012227930987E-18 0.0 1.674968502633015E-16 0.0 0.0 0.0 1.634772491399473E-16 1.5625704597669543E-16 1.2086983309942972E-16 
1.0 7.84518599796245E-17 7.872221283387337E-17 1.0836178664439291E-16 0.0 1.4724492851707432E-16 4.140049754008809E-17 5.149249231673767E-17 0.0 0.0 2.112643970362837E-17 0.0 3.4647655919497365E-17 2.6917712598244805E-17 0.0 6.154213383667572E-17 6.407119593690254E-17 0.0 4.2020954050895083E-17 3.3668349727841325E-17 1.418216079609761E-16 9.350012227930987E-18 0.0 1.674968502633015E-16 0.0 0.0 0.0 1.634772491399473E-16 1.5625704597669543E-16 1.2086983309942972E-16 
1.0 7.84518599796245E-17 7.872221283387337E-17 1.0836178664439291E-16 0.0 1.4724492851707432E-16 4.140049754008809E-17 5.149249231673767E-17 0.0 0.0 2.112643970362837E-17 0.0 3.4647655919497365E-17 2.6917712598244805E-17 0.0 6.154213383667572E-17 6.407119593690254E-17 0.0 4.2020954050895083E-17 3.3668349727841325E-17 1.418216079609761E-16 9.350012227930987E-18 0.0 1.674968502633015E-16 0.0 0.0 0.0 1.634772491399473E-16 1.5625704597669543E-16 1.2086983309942972E-16 
5.3939058081153846E-17 7.84518599796245E-17 7.872221283387337E-17 1.0836178664439291E-16 0.0 1.4724492851707432E-16 4.140049754008809E-17 5.149249231673767E-17 0.0 0.0 2.112643970362837E-17 0.0 3.4647655919497365E-17 1.3794001506076046E-16 0.0 6.154213383667572E-17 6.407119593690254E-17 0.0 4.2020954050895083E-17 3.3668349727841325E-17 1.418216079609761E-16 9.350012227930987E-18 0.0 1.674968502633015E-16 0.0 0.0 0.0 1.634772491399473E-16 1.5625704597669543E-16 1.2086983309942972E-16 
0.38201273049797047 7.84518599796245E-17 7.872221283387337E-17 1.0836178664439291E-16 0.0 1.4724492851707432E-16 4.140049754008809E-17 5.149249231673767E-17 0.0 0.0 2.112643970362837E-17 0.008108068343478547 3.4647655919497365E-17 1.3794001506076046E-16 0.0 5.294968281020206E-7 6.407119593690254E-17 0.0 4.2020954050895083E-17 3.3668349727841325E-17 1.418216079609761E-16 6.0536001673747435E-5 0.0 1.674968502633015E-16 0.0 0.0 0.0 1.634772491399473E-16 1.5625704597669543E-16 1.2086983309942972E-16 
0.799539148998341 7.84518599796245E-17 7.872221283387337E-17 1.0836178664439291E-16 0.0 1.4724492851707432E-16 4.140049754008809E-17 5.149249231673767E-17 0.0 0.0 2.112643970362837E-17 0.0 3.4647655919497365E-17 2.6917712598244805E-17 0.0 6.154213383667572E-17 6.407119593690254E-17 0.0 4.2020954050895083E-17 3.3668349727841325E-17 1.418216079609761E-16 9.350012227930987E-18 0.0 1.674968502633015E-16 0.0 0.0 0.0 1.634772491399473E-16 1.5625704597669543E-16 1.2086983309942972E-16 
0.9342545612581951 7.84518599796245E-17 7.872221283387337E-17 1.0836178664439291E-16 0.0 1.4724492851707432E-16 4.140049754008809E-17 5.149249231673767E-17 0.0 0.0 2.112643970362837E-17 0.0 3.4647655919497365E-17 1.3794001506076046E-16 0.0 6.154213383667572E-17 6.407119593690254E-17 0.0 4.2020954050895083E-17 3.3668349727841325E-17 1.418216079609761E-16 9.350012227930987E-18 0.0 1.674968502633015E-16 0.0 0.0 0.0 1.634772491399473E-16 1.5625704597669543E-16 1.2086983309942972E-16 
0.06574543874180494 7.84518599796245E-17 7.872221283387337E-17 1.0836178664439291E-16 0.0 1.4724492851707432E-16 4.140049754008809E-17 5.149249231673767E-17 0.0 0.0 2.112643970362837E-17 0.0 3.4647655919497365E-17 2.6917712598244805E-17 0.0 6.154213383667572E-17 6.407119593690254E-17 0.0 4.2020954050895083E-17 3.3668349727841325E-17 1.418216079609761E-16 9.350012227930987E-18 0.0 1.674968502633015E-16 0.0 0.0 0.0 1.634772491399473E-16 1.5625704597669543E-16 1.2086983309942972E-16 
0.38201273049797047 7.84518599796245E-17 7.872221283387337E-17 1.0836178664439291E-16 0.0 1.4724492851707432E-16 4.140049754008809E-17 5.149249231673767E-17 0.0 0.0 2.112643970362837E-17 0.008108068343478547 3.4647655919497365E-17 1.3794001506076046E-16 0.0 5.294968281020206E-7 6.407119593690254E-17 0.0 4.2020954050895083E-17 3.3668349727841325E-17 1.418216079609761E-16 6.0536001673747435E-5 0.0 1.674968502633015E-16 0.0 0.0 0.0 1.634772491399473E-16 1.5625704597669543E-16 1.2086983309942972E-16 
0.6805946075049504 7.84518599796245E-17 7.872221283387337E-17 1.0836178664439291E-16 0.0 1.4724492851707432E-16 4.140049754008809E-17 5.149249231673767E-17 0.0 0.0 2.112643970362837E-17 0.0 3.4647655919497365E-17 1.3794001506076046E-16 0.0 6.154213383667572E-17 6.407119593690254E-17 0.0 4.2020954050895083E-17 3.3668349727841325E-17 1.418216079609761E-16 9.350012227930987E-18 0.0 1.674968502633015E-16 0.0 0.0 0.0 1.634772491399473E-16 1.5625704597669543E-16 1.2086983309942972E-16 
