31696.0 3425.0 213974.85889604653 
29607.0 1187.0 434970.09985884774 
35209.0 130.0 236946.66229649034 
33986.0 5.0 257013.10856720526 
32226.0 1748.0 238610.96378318768 
29672.0 43.0 373497.9785120141 
29824.0 2108.0 297291.3836607404 
31272.0 2370.0 232521.05239221678 
30710.0 32.0 477118.0632487196 
31201.0 1113.0 249748.80347248074 
30322.0 253.0 353860.2423594015 
33832.0 7.0 263730.7667828849 
31787.0 1756.0 236870.98743418494 
30656.0 304.0 289105.62154570624 
30300.0 259.0 366525.54912029963 
30276.0 492.0 298846.6251110793 
31714.0 473.0 249050.6936539316 
32114.0 244.0 251309.43627993896 
31778.0 1.0 344024.73846920335 
30956.0 146.0 293917.0003750337 
30414.0 345.0 318323.6317816548 
30877.0 172.0 336087.4464225874 
30588.0 227.0 297645.11790468456 
30751.0 341.0 286075.2867767389 
31945.0 289.0 244822.9267445805 
30913.0 807.0 253579.21893342695 
31812.0 19.0 321315.718754101 
30674.0 212.0 302545.28263018857 
31925.0 71.0 263454.4721380381 
30815.0 42.0 350114.5626048406 
32525.0 141.0 241113.55634267651 
31783.0 22.0 327181.54799473216 
31122.0 517.0 263726.17663511937 
31116.0 101.0 310879.9396661041 
32038.0 22.0 274528.9733953027 
30463.0 313.0 297353.2473080554 
31841.0 18.0 300848.9504874384 
31428.0 5.0 332934.6735754052 
31693.0 1236.0 248165.52330720896 
32047.0 2.0 329213.95020795526 
33071.0 3.0 265409.31588857697 
33012.0 0.0 302575.2227245602 
32231.0 8.0 254248.60809771979 
33037.0 0.0 274934.71103939763 
31983.0 3.0 298793.20639273303 
32110.0 0.0 319974.69698295195 
31583.0 254.0 254946.9972792578 
31924.0 50.0 263789.82245832274 
33072.0 11.0 249541.3621349213 
31618.0 3.0 335226.4884198973 
32250.0 311.0 222996.7191423376 
32113.0 16.0 288470.01531874185 
32433.0 5.0 294448.1437307571 
32465.0 261.0 249335.58324446873 
30271.0 1868.0 272610.1815014609 
31028.0 793.0 255277.08510208566 
31256.0 0.0 348719.9864817231 
30665.0 537.0 271751.29220440227 
30310.0 38.0 410411.63720729796 
30763.0 0.0 480651.61053467565 
32532.0 77.0 237854.9284441314 
33030.0 1.0 291508.70109279174 
31971.0 1.0 343694.995231692 
31673.0 10.0 328221.0107885673 
30112.0 2597.0 289841.2184784641 
30909.0 1314.0 246738.27255935926 
30332.0 123.0 351378.0483029732 
32498.0 2.0 302464.78626961756 
30595.0 110.0 336728.58341071283 
30763.0 1.0 362704.1577324721 
30754.0 16.0 380124.83182546427 
32044.0 1232.0 243992.20711416588 
31383.0 1602.0 243476.18448058987 
30233.0 674.0 298013.78651079297 
31086.0 23.0 331912.9894116026 
30892.0 897.0 252374.74703439907 
31125.0 24.0 266298.0760398298 
30775.0 0.0 433462.35475061816 
30320.0 783.0 267804.5951897497 
29678.0 468.0 343008.38037481054 
32205.0 1150.0 243760.93451754085 
