31747.0 154.0 276771.0120220783 
31971.0 479.0 268099.42010868876 
30998.0 237.0 350115.04104040936 
30993.0 476.0 374476.66928785975 
30920.0 1507.0 286638.25411876495 
34253.0 1144.0 233161.01296378748 
31260.0 91.0 340967.3428395499 
31200.0 215.0 324573.26549087476 
31035.0 127.0 347789.4657870504 
31041.0 1052.0 241369.75814930245 
30771.0 67.0 711138.0773240966 
32966.0 1.0 317646.3986355454 
32598.0 532.0 254613.63475395815 
31060.0 18.0 405205.3155820709 
30773.0 277.0 430179.9176591132 
31408.0 4.0 562316.1679593252 
32223.0 41.0 260522.20503825962 
31139.0 311.0 335973.78044491645 
31364.0 755.0 248110.28371862852 
33835.0 0.0 309815.3360282857 
31240.0 434.0 323720.09798208706 
33624.0 0.0 357981.3744406191 
32191.0 54.0 261322.37038590794 
32104.0 15.0 306017.31060532277 
32352.0 13.0 305698.35377900023 
31574.0 21.0 354390.6595306181 
32281.0 678.0 254092.5763342277 
31346.0 38.0 304693.6212599051 
32110.0 778.0 237837.60360800294 
30794.0 95.0 389437.360556965 
31271.0 410.0 305462.6961832144 
32540.0 1930.0 231197.26459691607 
33496.0 281.0 252726.50069234957 
34701.0 543.0 232924.71248171187 
30746.0 490.0 449048.3965705605 
33119.0 18.0 268543.60234266275 
31531.0 93.0 286211.37239487254 
31729.0 86.0 287593.81386248756 
31938.0 45.0 299713.3565817616 
31705.0 16.0 333918.2721750526 
31948.0 57.0 272742.69958132243 
31131.0 65.0 357333.9798663228 
31651.0 6.0 365718.5827074233 
32006.0 0.0 415101.09463531093 
32775.0 309.0 256812.60577819194 
30206.0 502.0 303309.394472892 
30045.0 496.0 380829.39812060003 
32784.0 38.0 272450.8961699412 
31801.0 614.0 274256.9863916383 
31057.0 115.0 363400.5412569498 
31527.0 653.0 302678.6027209565 
32654.0 0.0 358431.6043352952 
32505.0 2.0 289465.48814536125 
31901.0 54.0 285089.9313421505 
31510.0 19.0 388448.6964391643 
30897.0 2277.0 290000.7911686085 
33316.0 3091.0 214994.6902252603 
34421.0 56.0 260506.1367885825 
31631.0 12.0 337530.91016777954 
31582.0 11.0 529645.615413615 
30929.0 15.0 570626.8898524488 
31289.0 855.0 289492.09166062274 
30993.0 180.0 386788.14138631144 
33504.0 1.0 300663.0375961313 
30754.0 254.0 504430.9529722127 
31829.0 1.0 350420.4338258289 
