32121.0 48.0 308476.6499072526 
32642.0 452.0 272391.567550178 
31145.0 298.0 443684.1568089031 
31860.0 12.0 359436.7503383996 
31804.0 137.0 290667.36289061303 
32718.0 1089.0 270473.1213686131 
31303.0 233.0 397416.00125061406 
32150.0 3388.0 262518.70605624554 
32252.0 0.0 426715.9322581565 
30831.0 1277.0 386589.04312470736 
31499.0 18.0 382905.17800098227 
31872.0 0.0 471540.2203186483 
33210.0 40.0 265397.07530371833 
33013.0 2693.0 238869.06703727785 
30820.0 1291.0 290079.0389287135 
31405.0 82.0 372191.8510728471 
31701.0 154.0 371529.21075426607 
31367.0 560.0 307388.77590699075 
33900.0 164.0 253721.35317419248 
30722.0 282.0 451623.37933701853 
32595.0 5.0 295834.8382022778 
30589.0 614.0 443132.395506432 
33464.0 0.0 407366.86373106646 
32217.0 347.0 277551.7950527883 
33325.0 2.0 263961.38475120143 
33072.0 549.0 242505.76728838927 
31532.0 209.0 300956.93255656457 
31149.0 708.0 279731.9286781631 
36162.0 1.0 361794.1519900594 
31986.0 1540.0 265454.2740602534 
32769.0 131.0 290031.2538975298 
