0.0 2.8174783144908925E-16 0.0 0.0 6.096852965228525E-17 2.2831015164198472E-17 0.0 1.1775137933460661E-16 0.0 0.0 1.7664793951182112E-16 1.5394191753193343E-16 1.353461699149829E-17 2.1996086121221294E-17 0.0 0.0 1.8127736509721778E-17 5.0876881973872295E-17 7.276274858371416E-17 3.275326588523426E-17 1.4693923108032462E-16 0.0 0.0 0.0 8.329280341773524E-17 1.0379279846721915E-16 3.0989859164387413E-16 1.186307471057064E-16 0.0 0.0 
0.8518342375965822 2.8174783144908925E-16 0.0 0.0 6.096852965228525E-17 2.2831015164198472E-17 0.0 1.1775137933460661E-16 0.0 0.0 1.7664793951182112E-16 1.5394191753193343E-16 1.353461699149829E-17 2.1996086121221294E-17 0.0 0.0 1.8127736509721778E-17 5.0876881973872295E-17 7.276274858371416E-17 3.275326588523426E-17 1.4693923108032462E-16 0.0 0.0 0.0 8.329280341773524E-17 1.0379279846721915E-16 3.0989859164387413E-16 1.186307471057064E-16 0.0 0.0 
0.8518342375965822 2.8174783144908925E-16 0.0 0.0 6.096852965228525E-17 2.2831015164198472E-17 0.0 1.1775137933460661E-16 0.0 0.0 1.7664793951182112E-16 1.5394191753193343E-16 1.353461699149829E-17 2.1996086121221294E-17 0.0 0.0 1.8127736509721778E-17 5.0876881973872295E-17 7.276274858371416E-17 3.275326588523426E-17 1.4693923108032462E-16 0.0 0.0 0.0 8.329280341773524E-17 1.0379279846721915E-16 3.0989859164387413E-16 1.186307471057064E-16 0.0 0.0 
0.0 2.8174783144908925E-16 0.0 0.0 6.096852965228525E-17 2.2831015164198472E-17 0.0 1.1775137933460661E-16 0.0 0.0 1.7664793951182112E-16 1.5394191753193343E-16 1.353461699149829E-17 2.1996086121221294E-17 0.0 0.0 1.8127736509721778E-17 5.0876881973872295E-17 7.276274858371416E-17 3.275326588523426E-17 1.4693923108032462E-16 0.0 0.0 0.0 8.329280341773524E-17 1.0379279846721915E-16 3.0989859164387413E-16 1.186307471057064E-16 0.0 0.0 
0.8089791737582059 2.8174783144908925E-16 0.0 0.0 6.096852965228525E-17 2.2831015164198472E-17 0.0 1.1775137933460661E-16 0.0 0.0 1.7664793951182112E-16 1.5394191753193343E-16 1.353461699149829E-17 2.1996086121221294E-17 0.0 0.0 1.8127736509721778E-17 5.0876881973872295E-17 7.276274858371416E-17 3.275326588523426E-17 1.4693923108032462E-16 0.0 0.0 0.0 8.329280341773524E-17 1.0379279846721915E-16 3.0989859164387413E-16 1.186307471057064E-16 0.0 0.0 
0.3904330896046534 2.8174783144908925E-16 0.0 0.0 6.096852965228525E-17 2.2831015164198472E-17 0.0 1.1775137933460661E-16 0.0 0.0 1.7664793951182112E-16 1.5394191753193343E-16 1.353461699149829E-17 2.1996086121221294E-17 0.0 0.0 1.8127736509721778E-17 5.0876881973872295E-17 7.276274858371416E-17 3.275326588523426E-17 1.4693923108032462E-16 0.0 0.0 0.0 8.329280341773524E-17 1.0379279846721915E-16 3.0989859164387413E-16 1.186307471057064E-16 0.0 0.0 
0.038363365358706714 2.8174783144908925E-16 0.0 0.0 6.096852965228525E-17 2.2831015164198472E-17 0.0 1.1775137933460661E-16 0.0 0.0 1.7664793951182112E-16 1.5394191753193343E-16 1.353461699149829E-17 2.1996086121221294E-17 0.0 0.0 1.8127736509721778E-17 5.0876881973872295E-17 7.276274858371416E-17 3.275326588523426E-17 1.4693923108032462E-16 0.0 0.0 0.0 8.329280341773524E-17 1.0379279846721915E-16 3.0989859164387413E-16 1.186307471057064E-16 0.0 0.0 
0.4538149125084563 2.8174783144908925E-16 0.0 0.0 6.096852965228525E-17 2.2831015164198472E-17 0.0 1.1775137933460661E-16 0.0 0.0 1.7664793951182112E-16 1.5394191753193343E-16 1.353461699149829E-17 2.1996086121221294E-17 0.0 0.0 1.8127736509721778E-17 5.0876881973872295E-17 7.276274858371416E-17 3.275326588523426E-17 1.4693923108032462E-16 0.0 0.0 0.0 8.329280341773524E-17 1.0379279846721915E-16 3.0989859164387413E-16 1.186307471057064E-16 0.0 0.0 
0.8471624804561663 2.8174783144908925E-16 0.0 0.0 6.096852965228525E-17 2.2831015164198472E-17 0.0 1.1775137933460661E-16 0.0 0.0 1.7664793951182112E-16 1.5394191753193343E-16 1.353461699149829E-17 2.1996086121221294E-17 0.0 0.0 1.8127736509721778E-17 5.0876881973872295E-17 7.276274858371416E-17 3.275326588523426E-17 1.4693923108032462E-16 0.0 0.0 0.0 8.329280341773524E-17 1.0379279846721915E-16 3.0989859164387413E-16 1.186307471057064E-16 0.0 0.0 
0.4029039757899795 2.8174783144908925E-16 0.0 0.0 6.096852965228525E-17 2.2831015164198472E-17 0.0 1.1775137933460661E-16 0.0 0.0 1.7664793951182112E-16 1.5394191753193343E-16 1.353461699149829E-17 2.1996086121221294E-17 0.0 0.0 1.8127736509721778E-17 5.0876881973872295E-17 7.276274858371416E-17 3.275326588523426E-17 1.4693923108032462E-16 0.0 0.0 0.0 8.329280341773524E-17 1.0379279846721915E-16 3.0989859164387413E-16 1.186307471057064E-16 0.0 0.0 
