1.0 1.3322676295501886E-15 
0.0 1.0000000000000007 
0.0 1.0000000000000007 
1.0 1.3322676295501886E-15 
0.9585885524597348 0.0811079876663981 
0.9564628087476532 0.08517889585877925 
0.6144006443449361 0.6225118482285671 
0.3726159464761701 0.8611573564445806 
0.8651347495839399 0.2515418650628621 
0.43668490869685633 0.8093062905164508 
0.6902104152379216 0.5236095826976299 
0.6169217015048947 0.6194076145509813 
0.4516105708300713 0.7960478935049939 
0.8634097324529107 0.25452436350262486 
0.6842967681541966 0.5317379369569006 
0.1412262891071251 0.98005515814376 
0.6920726756426849 0.5210354116288936 
0.1323322554507424 0.9824881741684814 
0.6308237150221412 0.6020614405660769 
0.24106580393553004 0.9418872782055323 
0.5414500822630907 0.7068318084183538 
0.8342945099234848 0.3039526707116125 
0.48478254083150013 0.7649858881051982 
0.7016467654852947 0.5076918164840716 
0.5391804084870351 0.709284487104181 
0.8065675749635239 0.3494487470815725 
0.053712593292613464 0.9971149573237522 
0.31071555747517676 0.9034558423429145 
0.7953520244359892 0.3674151572259315 
0.9822646004939446 0.035156254616836115 
0.536644644470339 0.7120127781423029 
0.7164612337220305 0.4866835659332368 
0.8996428679832698 0.19064271008700537 
0.9689312661950138 0.061172201389751074 
0.05772858179606663 0.9966674108443732 
0.3086077271343394 0.904761270753001 
0.7784410529313008 0.39402952711472977 
0.3704325822342905 0.8627797020192419 
0.13539914575664042 0.9816670713283948 
0.5301180217705704 0.7189748829946038 
0.41287237808575716 0.829536399413927 
0.9521217033052386 0.09346426209521719 
0.6291953340651012 0.6041132538536514 
0.8133332406720085 0.33848904040516475 
0.7089369996091808 0.49740833114837807 
0.6998730592693958 0.5101777009090482 
0.17643012456002344 0.9688724111477544 
0.42945267807147947 0.815570397297276 
0.8076949211160781 0.34762891440342225 
0.9788986242715808 0.041757483420652455 
0.41080691448142104 0.8312380846517514 
0.7472746340700167 0.4415806212755613 
0.8053286310675771 0.3514469819045588 
0.7632044079587944 0.41752244428662544 
0.9600410716380426 0.07832114078162199 
0.9403048337743015 0.11582681958133074 
0.9653735612052609 0.06805389029095363 
0.6491540849149645 0.5785989740588068 
0.5547728798391048 0.6922270517951461 
0.9183342210138157 0.15666225851497415 
0.6789679423979353 0.5390025544921667 
0.7688533566558441 0.4088645159591342 
0.17377714647439663 0.9698020925205589 
0.4315400611941537 0.8137733538405943 
0.31982966196837603 0.8977089873275004 
0.970229839066886 0.05865405938429167 
0.8957827923005033 0.19757318901840745 
0.5927167688737831 0.6486868318959211 
0.7024594707803812 0.5065506919126804 
0.6763173753880967 0.5425948078371544 
0.7038264922559377 0.5046282688008235 
0.9433976499749384 0.1100008740218413 
0.9010470976939577 0.1881141277373581 
0.48140250043031096 0.7682516325822459 
0.741341710081648 0.45041246889334663 
0.324646031149589 0.8946049544588369 
0.9250271889212199 0.144324699756832 
0.12361383759771882 0.9847196191543941 
0.9904032388310954 0.01910142451288799 
0.2612257974060035 0.9317610827697432 
0.7512548879293636 0.43561609405307666 
0.17250415157383603 0.9702423176900359 
0.432290987084421 0.8131245024856182 
0.7421937970967786 0.44914836755242715 
0.09858952680960958 0.9902801052076488 
0.03273761189989205 0.9989282487753306 
0.5282059930208955 0.7209984289368679 
0.9278101738985297 0.13916828122518285 
0.3168788210650319 0.8995878127625094 
0.6827015829649499 0.533918548617213 
0.6227467502010368 0.6121864851357134 
0.6855417251863163 0.5300325430327062 
0.9928510192435276 0.01424685358713395 
0.29461782361530975 0.9132003380082825 
0.6683676897014816 0.5532846319629381 
0.22423876667583537 0.9497169755643662 
0.36295987410795183 0.8682601297876059 
0.6508023431586097 0.5764563101392939 
0.5878186395640295 0.6544692469862664 
0.4784385368962544 0.7710965679600447 
0.2630244962636667 0.9308181146808038 
0.9104881424981018 0.17101134237084303 
0.2970354530112951 0.9117699396544375 
0.6591562411837435 0.5655130497086387 
0.14660988324721203 0.9785055421342763 
0.6209348315006427 0.6144405555871179 
0.42859706539241316 0.8163045555914814 
0.651279131935962 0.5758354946103951 
0.8280590041647534 0.3143182856303796 
0.6419266595457332 0.5879301637938041 
0.7943261659034381 0.36904594216118186 
0.6320292732742205 0.6005389977245051 
0.25107016094391205 0.9369637742965682 
0.5457322801950933 0.702176278353241 
0.8485487096521751 0.27996508734884656 
0.7077157400753321 0.4991384315267216 
0.9866860747636309 0.026450589868591175 
0.3150306868733159 0.900755671394781 
0.20062304598114206 0.9597503967543491 
0.680404345126586 0.5370499271363901 
0.6042538200143315 0.6348774642717889 
0.6396911686066508 0.5907952088091755 
0.9636110250125471 0.07145526621363231 
0.15717487558383753 0.9752960584852157 
0.909702980448909 0.17244048736646936 
0.962465993489155 0.07365921137700879 
0.5127927026442063 0.7370436441251448 
0.7603030828798473 0.4219392221643287 
0.8432358911399892 0.2889532318933887 
0.7617932281615359 0.4196842486919363 
0.6674581027364183 0.5544996812254345 
0.5098453317920415 0.7400578001765132 
0.32713271802114785 0.8929841848001335 
0.5758447524271627 0.6684028211021396 
0.1388557980044694 0.9807190673605696 
0.3007947379764241 0.9095225256058842 
0.13021968578850268 0.9830428334332453 
0.7549092991342747 0.4301119500812605 
0.22233369820323223 0.9505677266450526 
0.44737629892243846 0.7998544471626182 
0.9361512685272741 0.12362080243672953 
0.9988231949412256 0.0023522252474569936 
0.4410299202523511 0.8054926094425849 
0.9036165014861182 0.18347721824210028 
0.9613645199000155 0.07577825987783536 
0.8791391144748136 0.2271144174031961 
0.7285215868456497 0.4692562975258843 
0.23144288355658288 0.9464341916510856 
0.41391485327340727 0.8286744942398764 
0.12579276129424488 0.9841761812062346 
0.35208785020243016 0.8760342056050023 
0.9191820532424817 0.15510435299706252 
0.30482391619748817 0.9070823801140745 
0.6007504124148448 0.6390989419843811 
0.8978736049899618 0.19382299043089513 
0.016238018396023846 0.9997363267585835 
0.696199525987525 0.5153062217049414 
0.26634942871543826 0.9290579818230058 
0.5798173119730894 0.6638118848531521 
0.7448847157931076 0.4451467601793664 
0.7966738560554488 0.3653107670778527 
0.9088211709514045 0.17404407923054524 
0.5040701346281874 0.7459132993780582 
0.9173025456243071 0.15855603979302912 
0.9026481517507627 0.18522635052078468 
0.4430987268314911 0.8036635182805119 
0.43427201390562364 0.8114078180393314 
0.6192771446376685 0.6164958211207285 
0.4600425507919007 0.7883608514685426 
0.34430923059728347 0.8814511539297963 
0.9387294244784307 0.11878706761850474 
0.3031948786683583 0.9080729018309518 
0.7226277337798976 0.4778091583721663 
0.034597801005576245 0.9988029921668902 
0.8086618187269989 0.34607218911644777 
0.29920345633102274 0.9104772917202997 
0.148163098639717 0.9780476964458752 
0.6030172373266134 0.6363703689794249 
0.7119818644902651 0.4930818254511591 
0.7490036802861759 0.43899348691838685 
0.78912647877415 0.3772794012663296 
0.9893416000423726 0.021204096757029715 
0.09153456233585358 0.9916214238980151 
0.2751537635126934 0.9242904064249204 
0.31242404092618736 0.9023912186559744 
0.005818034438762776 0.9999661504753793 
0.5023465510065976 0.7476479426922333 
0.06165904672357825 0.9961981619572843 
0.07318822475171391 0.9946435223584563 
0.5111904215519564 0.7386843529210259 
0.8271645756747363 0.31579876474971136 
0.8249339431241585 0.31948399698835034 
0.7481326192851666 0.440297584827857 
0.5687794459518368 0.6764899418645945 
0.4797981082778894 0.7697937752933718 
0.8019370923086384 0.35689689998040774 
0.5772315387940141 0.6668037506215798 
0.10373620847650047 0.9892387990509328 
0.8148092190325656 0.33608593660107755 
0.7155302623976061 0.4880164435939372 
0.5344572109280484 0.7143554896882925 
0.8626672854320383 0.25580515464653036 
0.24829573190672802 0.9383492295316886 
0.39801291204969025 0.8415857218422022 
0.6556944735449582 0.5700647573656504 
0.5013684652748032 0.7486296620281299 
0.7217169749193677 0.47912460811332286 
0.6635833611941382 0.5596571227543281 
0.8352841320752025 0.3023004187049891 
0.9373422899172056 0.1213894315330559 
0.5787956139573313 0.6649956372638203 
0.07043742704915079 0.9950385688730163 
0.8567228424516136 0.2660259712216805 
0.5501881088828461 0.6972930448439624 
0.3071176022012418 0.9056787784264735 
0.7870721497291002 0.38051743131813287 
0.9266316851745269 0.14135372003115232 
0.8117290992112123 0.34109586950380066 
0.24563013696250574 0.9396670926049602 
0.28302176772668913 0.9198986789938967 
0.2739217381165829 0.9249668813872722 
0.7255336470258471 0.47360092703356976 
0.7100065689060475 0.4958953132273817 
0.4484508471706001 0.7988918376720957 
0.09344101910823382 0.9912687759480272 
0.8929801748168494 0.20258640739450479 
0.6475277376497481 0.5807078289742323 
0.2493922235371453 0.9378035188399778 
0.6604734498848972 0.5637749124190387 
0.1827770825658805 0.9665925380887971 
0.6466562913166374 0.5818356423013153 
0.2370747422281885 0.943795566662515 
0.49039484770044905 0.7595128933608066 
0.14409335218754377 0.9792371058554357 
0.5998045866706649 0.6402344578088957 
0.3222230908796268 0.8961722797053111 
0.6930164179917745 0.5197282660572428 
0.785990741134422 0.3822185549637828 
0.2160095017339089 0.953339911390184 
0.9545668439752585 0.08880214038330209 
0.9425231373376834 0.1116501355832306 
0.7179770703587032 0.4845089264427889 
0.32672740364295816 0.893249203708748 
0.25257074657787815 0.936208017973113 
0.8888229539188833 0.2099937565872851 
0.1931674971404588 0.9626863180487621 
0.944322338456867 0.10825532109150476 
0.052162659160731484 0.9972790569895842 
0.6891248546046231 0.5251069348701046 
0.9799670061450392 0.039669677446899934 
0.585713672639548 0.6569394936862217 
0.9225508832664662 0.14889986778837497 
0.5217502518617249 0.7277766746823774 
0.06392725168588453 0.9959133068462507 
0.8780362687610413 0.22905231074151672 
0.5954077020256882 0.6454912779325797 
0.9950690624510826 0.009837560952877338 
0.8329196219947885 0.3062449032960962 
0.9068214336529898 0.17767488746761584 
0.7639266032575459 0.41641635023855045 
0.6249498385743508 0.6094377160995061 
0.779930701946345 0.39170841796993344 
0.3911021952609977 0.8473534707217193 
0.6535131896078277 0.5729205110145413 
0.8463779563345206 0.2836443550494276 
0.6239872090049274 0.6106399630008478 
0.45870327768842933 0.7895913030523214 
0.5057345340239545 0.7442347160328988 
0.37825511488708524 0.8569230680623102 
0.5821532816422387 0.6610975566733507 
0.5969793235461737 0.6436641505282367 
0.7316129132841003 0.4647425468563397 
0.33762784144244107 0.8860074420877292 
0.34992214406011174 0.8775544930964726 
0.5627178848483123 0.6833485820718685 
0.8212806671038065 0.3254980658421727 
0.16019561128826298 0.9743373661361503 
0.25809505255855986 0.9333869438558959 
0.32360133593729057 0.8952821753796474 
0.8807150453058855 0.2243410089951422 
0.4535418525193349 0.794299788082751 
0.24652421715686934 0.9392258103801006 
0.6623309060796163 0.5613365922404931 
0.8258561435220745 0.3179616302069315 
0.5672657632638256 0.6782095555359042 
0.9530846137669502 0.09162971903195267 
0.7275389800689519 0.4707530971202582 
0.10130022495872756 0.989738264423352 
0.6781518990238964 0.5401100018504186 
0.35611274933279663 0.8731837100398212 
0.7459517723465695 0.4435559533374265 
0.583269185221235 0.6597970581977609 
0.8704964406415472 0.24223668156368486 
0.2933841429095862 0.9139257446898869 
0.6283671390244009 0.6051547385943314 
0.4728295504165114 0.7764322162535098 
0.3319276597883238 0.8898240286707737 
0.9477070283723775 0.10185138837761552 
0.2433356369541323 0.9407878180233561 
0.4010768605421019 0.8391373519379622 
0.7061849724291892 0.5013027847152173 
0.8004172390297062 0.3593322434649554 
0.9293276383221696 0.13635014068254814 
0.35982291906731 0.8705279565742379 
0.7401125595523234 0.4522333991929691 
0.2682008583497173 0.9280683001167571 
0.9156077027273402 0.16166253470674835 
0.9781197280132675 0.04328179767131974 
0.9711659087987645 0.056836788814461164 
0.18708824778941702 0.9649979875507261 
0.036824927502451366 0.9986439247145756 
0.19506758190125648 0.9619486384912204 
0.9604380462873388 0.07755875924388066 
0.8660741167922947 0.24991562422305172 
0.8670802471483792 0.2481718450154904 
0.3020941428704286 0.9087391288434177 
0.8509614146669322 0.27586467075016785 
0.773211801808336 0.4021435095443437 
0.9351845468696829 0.12542986329724878 
0.07970355425501896 0.9936473435327754 
0.6734371832005777 0.5464823602830633 
0.25680244254388934 0.9340525055035396 
0.19824900867658662 0.9606973338888495 
0.3746528816943182 0.8596352182381561 
0.5511869392867861 0.6961929579597622 
0.4767102788998162 0.7727473236899243 
0.2101083779645639 0.9558544695091236 
0.8093641703310493 0.3449296800452766 
0.43535670189908876 0.8104674792566244 
0.15411166802034765 0.9762500468783247 
0.5192202903240748 0.7304102916489014 
0.6863968545184936 0.5288593581280198 
0.3922344800144948 0.8461521128063383 
0.8593382900842699 0.2615377031951922 
0.8689430756888088 0.24493793137291467 
0.6749192250018541 0.5444840397349324 
0.7208768873945323 0.4803365141659002 
0.8599722888289688 0.26044767034322963 
0.584468840163247 0.6584441100503724 
0.19070735039888842 0.9636307081005017 
0.028100992516648556 0.999210334219597 
0.705352811753711 0.5024780336752647 
0.5230134843494579 0.7264570515339746 
0.28510009374406664 0.9187179365472103 
0.34858056997100184 0.8784915862387184 
0.4637821346763506 0.7849061318419295 
0.8317430148320404 0.30820355727957 
0.5988675220700796 0.6413576910131514 
0.7348935912590215 0.45993140952654266 
0.714691566821086 0.48921602854225393 
0.04568637731798908 0.9979127549279049 
0.8242260994078286 0.32065133705670495 
0.7613471459621555 0.42035052502803644 
0.7835799445314072 0.38600247097038276 
0.35864872606110965 0.8713728051519622 
0.49648552702251303 0.7535021214659516 
0.1286637622555018 0.98344563630288 
0.6484733694217139 0.5794822892983718 
0.38417549927433847 0.8524091857581361 
0.8968273514430524 0.19570070170373027 
0.6257831026973874 0.6083955124810222 
0.008882240003737218 0.9999211058125973 
0.8528675648436279 0.2726169168483281 
0.20833338450422667 0.9565972009010427 
0.842364630360745 0.29042182951740764 
0.8817355463764539 0.22254242625703163 
0.20550012861701672 0.9577696971384747 
0.8751900730067081 0.23404233611136033 
0.9262128449754254 0.14212976580659895 
0.1699815407427667 0.971106275807093 
0.3362450476915373 0.8869414417264986 
0.38904176571459687 0.8486465045335312 
0.8504766526434133 0.27668946330861827 
0.3658763765451024 0.8661344770888099 
0.3059902328269771 0.9063699774146124 
0.6580799467975084 0.5669307846140963 
0.7069710016589246 0.5001920028140976 
0.47081339454087784 0.7787479086557992 
0.857770604972057 0.26422960540472806 
0.35093952932746514 0.876841446758894 
0.9916532241923758 0.016623882948937397 
0.7719276701891955 0.4041278777779437 
0.7046210338508883 0.5035091993425299 
0.840232103466139 0.2940100123226396 
0.3328382757945555 0.8892186824931851 
0.5208933504038269 0.7286701181765802 
0.9081099290822975 0.17533635671018366 
0.5328740817188168 0.7160452607453863 
0.029853185600059007 0.9991088091085684 
0.7970706186231026 0.3646784289281691 
0.6084309803951301 0.6298117420954421 
0.8158976980827966 0.33431094626343566 
0.9858303296562597 0.028138572860402486 
0.7303371362771623 0.46660766779986196 
0.7531798645231419 0.4327201329556971 
0.8920442564568043 0.20425704452324497 
0.39938659883574146 0.840490344712488 
0.4153598188562245 0.8274762208797928 
0.09505607418310058 0.9909643427611787 
0.38788237472095277 0.8495472633808676 
0.4824352747199999 0.7672562057059267 
0.7565442958957384 0.4276407283485491 
0.9847796134633158 0.0302092235937281 
0.0822781745732995 0.9932303027429885 
0.9910617317596467 0.01779665155608119 
0.41700789718105413 0.826107422881977 
0.12724853020969487 0.9838078115698713 
0.2141538235201097 0.9541381398717579 
0.49847562273377266 0.751522329769043 
0.637570207145443 0.5935047876738211 
0.4683641952040639 0.7806349806545123 
0.9979694214394976 0.004057033872057835 
0.8725363423499346 0.23868033152329207 
0.2791769419753801 0.9220602350693374 
0.8538931077140579 0.27086656059874553 
0.8289676007183829 0.3128127169619463 
0.8235170479580551 0.3218196717225797 
0.019641416107572363 0.9996142147738083 
0.4562083574742227 0.7918739345717103 
0.16411589943414243 0.9730659715530345 
0.3808551426132793 0.8549493603451407 
0.2555586339568195 0.9346897846126277 
0.9995018565093072 9.960679280471558E-4 
0.6654836408831464 0.5571315237169582 
0.3612012454653043 0.8695336610224309 
0.42590708750062156 0.8186129991224018 
0.11780740997496258 0.9861218763923058 
0.23245744042884434 0.9459635383893543 
0.8862626160631402 0.21453857746874042 
0.7438323347502748 0.4467134577800783 
0.18146581749734791 0.9670701570801292 
0.5597887412517469 0.686636565167915 
0.1100260096325234 0.9878942772043771 
0.7201682182804001 0.4813577374676645 
0.21833029996171543 0.9523318849916401 
0.32108514225735607 0.8969043314220329 
0.8477855442569568 0.2812596709548593 
0.5083512568134965 0.7415789996961794 
0.34634684613219563 0.8800438623474912 
0.8264314800887314 0.31701100871861204 
0.4749241456866709 0.7744470558439265 
0.9211508006627311 0.15148120516780078 
0.07533442322186559 0.9943247246779832 
0.2644012581911382 0.9300919752020904 
0.5001407427550499 0.7498915021777511 
0.2914318982861491 0.9150674486624265 
0.5035268020004737 0.7464607596673968 
0.0046080970012185585 0.9999787654424248 
0.8394278630077113 0.29536086282364976 
0.6180969820779405 0.6179561207461748 
0.5808615386827712 0.6625998831735608 
0.7500874636704 0.43736879691382546 
0.6567984382736057 0.5686158114814183 
0.7367491647253418 0.4572006802580669 
0.3640550600475102 0.867463913257941 
0.0425748209342941 0.998187384638834 
0.8452954064350727 0.2854756758599521 
0.20429968968156986 0.9582616367965158 
0.45488546470161445 0.7930792140032478 
0.24369602277343783 0.9406122484937808 
0.8585795003176138 0.26284124163445827 
0.6102357493000617 0.6276133428503268 
0.91470679919574 0.163311471505383 
0.5960754096995441 0.6446941059515924 
0.9114201439627493 0.16931332117953063 
0.7325643197365446 0.46334951744903036 
0.04395716952174125 0.9980677717684383 
0.08642411690715951 0.9925308720168521 
0.5575600948168011 0.6891267406679034 
0.9882880270390466 0.02328677570761745 
0.21101520256702788 0.9554725842861591 
0.726550287165242 0.4721246890899002 
0.9231368819208996 0.1478844747785291 
0.7776598118024143 0.3952452171075729 
0.40667910006968394 0.8346121099022649 
0.5778468643904958 0.6660930166356028 
0.6074852632481783 0.6309616549368092 
0.3795750712833281 0.855922765260531 
0.6442885116343314 0.5858590789516478 
0.6106684285419555 0.6270840704117764 
0.5725046948677652 0.6722383743544024 
0.5562549474963356 0.6905804333859233 
0.4391677210802323 0.8071317127623588 
0.5537178880652162 0.6933965004376185 
0.21703345068882 0.9528964814172776 
0.9874271809410031 0.0249875720937989 
0.6445141427762865 0.5846015197696277 
0.8217451881529084 0.32473484746158865 
0.906215728640051 0.17877305316548947 
0.19645411826669895 0.9614057794484501 
0.9167228562955119 0.15961920474561853 
0.44408865399740877 0.8027852681578554 
0.4647024495652292 0.7840516333688354 
0.22744024863587683 0.9482709333005925 
0.7925961879942354 0.37179128279215906 
0.2863802997209959 0.9179863351874381 
0.15536385181020002 0.9758620780540802 
0.5940535223139969 0.6471004133390873 
0.8909794311664312 0.20615565371326222 
0.570197720119879 0.6748745599761776 
0.6951687686852469 0.516740383048104 
0.3967291430042025 0.8426059870916578 
0.5335174309027533 0.7153591510463394 
0.7726051622970016 0.40308126319204973 
0.5612817683570969 0.684962776564899 
0.47176647106213887 0.7774365506382219 
0.11569981306991384 0.986613553255654 
0.6609480657269751 0.563147654413604 
0.7585923953606438 0.4245375777015796 
0.14444929511824134 0.9791344016231924 
0.5866489450346152 0.6558430154232181 
0.8303708918511776 0.3104841819663478 
0.7561191325034337 0.42828385746314834 
0.18895407743738557 0.9642963566198183 
0.07722618227258354 0.9940361167719955 
0.9020427998033387 0.18631878732700002 
0.9730040155332527 0.053263203329454036 
0.28096442870899935 0.9210589903398639 
0.5684939966931405 0.6774867230387781 
0.8101118096197375 0.3437188559173601 
0.8383154224306223 0.29722725310852105 
0.22934466702048795 0.9474010237101835 
0.268884268218746 0.9277012503046442 
0.28241151377778306 0.9202437433134851 
0.8937856554886376 0.2011472020429745 
0.3679260227377645 0.8646304417952566 
0.5276642908710736 0.7215703961400508 
0.949649482211386 0.09816586093575959 
0.9322769782914613 0.1308596357481847 
0.6695820770908676 0.5516598425286563 
0.23903402409921584 0.9428627353303054 
0.8016086857983354 0.3574235148530642 
0.49450904845975474 0.7554608011514287 
0.8556721799623079 0.267825121054187 
0.5641021876228928 0.6817887219191171 
0.28752326613123147 0.9173303714333776 
0.661873643477908 0.5619232802025225 
0.8820627822052417 0.22196524824928957 
0.02218895070014465 0.9995076504669106 
0.8170685919680802 0.3323989160244529 
0.611736866890646 0.6257780056869063 
0.3418049572895439 0.8831693715886785 
0.9669128393051106 0.06507956119663107 
0.6721023139651942 0.548278479562844 
0.6708197079148414 0.5500009199635891 
0.7433823647869445 0.4473826597240429 
0.8796903877081319 0.22614482177414424 
0.39429975947817963 0.8445276997551352 
0.7112610715907912 0.49410768854764275 
0.9720432573475919 0.05513191793801583 
0.9303847184152242 0.13438427574779838 
0.8407989990942553 0.29305704312261477 
0.6266074504220472 0.6073631030757269 
0.5062411601168464 0.7437198878043004 
0.9367845788751832 0.12243465278168283 
0.9832874801981942 0.03314573128558372 
0.7667186782451926 0.412142468435046 
0.40988678364301057 0.8319958186936627 
0.953723444455759 0.09041160333095109 
0.7749998764894395 0.39937519145643124 
0.7309340619179798 0.46573539712841194 
0.08456563518689574 0.9928486533455498 
0.4391677210802323 0.8071317127623588 
0.5482801955893275 0.6993888271364571 
0.423668043834023 0.8205053919468605 
0.9889414027420322 0.021994901943115652 
0.4454782455950731 0.8015491327037799 
0.10604688803992238 0.9887540575370791 
0.6721952398606728 0.5481939712963965 
0.5745458730789041 0.6698970397282951 
0.46739569604898673 0.781541263314914 
0.6343997354800058 0.5975369756229267 
0.27804723306146506 0.9226897361900201 
0.5266422557016696 0.7226479384559776 
0.552003929497552 0.6952916618192939 
0.9854582399571639 0.028872057303058165 
0.6329328188339873 0.5993960468429055 
0.162283763503707 0.9736639801031172 
0.8843524706071144 0.21792070775658706 
0.5471491037919042 0.7006278583472929 
0.5443661874935355 0.703665453913829 
0.27084841390530806 0.926641141777969 
0.9311071041157035 0.13303956069990777 
0.6362428356893381 0.5951950615919912 
0.5176681650661389 0.7320198357988462 
0.8847612799398875 0.21719747754046623 
0.7816306664955658 0.389053501193977 
0.40503948349021046 0.8359430168141285 
0.5888898449084952 0.6532087505637125 
0.7989922802420687 0.3616113361327639 
0.8712010806905255 0.24100867715677785 
0.6973615368436556 0.5136868896408127 
0.40397234082066913 0.8368063478934272 
0.7678257006262436 0.41044369345793263 
0.5491670860245205 0.6984155116274395 
0.968218976911721 0.06255201274805076 
0.8163603632716925 0.3335557572990807 
0.4460344599231136 0.8010847194535341 
0.6647347337397556 0.5581277337685522 
0.35359982277228463 0.8749676673754885 
0.738422534327196 0.45473294691978444 
0.011594896635752527 0.9998657865443309 
0.11119869269253863 0.9876348507467124 
0.8949407270699332 0.19908138347178647 
0.7130599439461444 0.4915455163429845 
0.8546347538831609 0.2695994382359764 
0.34034724388106696 0.884163776088166 
0.6457183999416249 0.5830487609050627 
0.7935070827107183 0.3703465096881885 
0.16899772219579284 0.9714397698931702 
0.8740983828499014 0.23595201784050657 
0.5613277715632966 0.6849111328718095 
0.8374650293958282 0.29865232453930257 
0.16564377066245733 0.9725621412407399 
0.8733045250025065 0.23733920669223757 
0.22575869458903292 0.9490330118430007 
0.40003788629709935 0.8399696895270404 
0.8828907731569766 0.2205038911293275 
0.711130278584938 0.4954058938352889 
0.876932551004621 0.23098930098991238 
0.1518945369892517 0.9769280496328544 
0.18526495581259966 0.9656772271625593 
0.9678810664495672 0.06320624120858316 
0.2702951285013813 0.9269405435085019 
0.9299997333739128 0.13510049594409537 
0.22104637745337505 0.9511384990147987 
0.6370510984559713 0.5941658979581924 
0.4159029698557047 0.8270247307891809 
0.18020800110248125 0.9675250765248821 
0.7846515812117377 0.3843218961059579 
0.025715942383197257 0.9993386903075895 
0.6876584798952536 0.5271258150304189 
0.8747571213367379 0.23479997867415697 
0.8225370998758478 0.323432719327878 
0.06007769909555061 0.9963906700919579 
0.38217756124483415 0.8539403116811966 
0.9451494134989498 0.10669258616272584 
0.687138439373021 0.5278407651365784 
0.08145686573406763 0.9933647790248294 
0.2652892074759097 0.9296216364094624 
0.33048238038402195 0.8907837882829153 
0.8202323917930402 0.3272188251650074 
0.06738852769365683 0.9954587863355048 
0.3869939230645313 0.850235703511203 
0.9419698130275918 0.11269287134522854 
0.9938006408638528 0.012360286292397693 
0.9470554538822793 0.10308596972287687 
0.9551401550555096 0.08770728420075061 
0.9640764581057601 0.07055658292632136 
0.3477061736981469 0.8791004167722626 
0.810977064136294 0.34231620144491887 
0.12167915341338548 0.9851941836249708 
0.5942215086845964 0.646900798616672 
0.11253905837965028 0.987334960339032 
0.4955234956532527 0.7544886117004667 
0.8987211752412606 0.19230027228426105 
0.5632139711207245 0.682790022734584 
0.4022095049128397 0.8382363114691994 
0.3386427527664614 0.8853233271285798 
0.7235096577138332 0.4765340445906033 
0.1018862228033075 0.9896191976029123 
0.6135987772271413 0.6234965405857271 
0.8971193799987884 0.19517681803273873 
0.9661027800198219 0.06664541941481975 
0.5235925990341661 0.7258507903614755 
0.6352598599583245 0.5964449104915248 
0.9042779724453447 0.18228134855018333 
0.9046514439020874 0.18160576504866643 
0.800705761375241 0.3588702837018826 
0.9511630141833326 0.09528892044980643 
0.8175711087574729 0.33157748212512655 
0.013916040466634583 0.9998063438177861 
0.15246325241322822 0.9767555443895123 
0.7594861333986747 0.4231808131801983 
0.9806662793480639 0.038293648549862475 
0.18450597097136887 0.9659580043283607 
0.7980842474511838 0.3630615339718585 
0.07814330566554287 0.9938936237797495 
0.4871833332889786 0.7626523997683324 
0.38281793408980563 0.8534504293424304 
0.8149727404827101 0.33581943227014005 
0.5448674705475203 0.7031194395397279 
0.2537983322074264 0.9355864066490764 
0.040787455449917354 0.9983363834782517 
0.8451005715620596 0.28580502394565144 
0.8562071374652176 0.2669093377536465 
0.9671881877031797 0.06454700956754636 
0.9933184042865723 0.013318547706900762 
0.6018398919078324 0.6377887445090843 
0.8802917049468056 0.22508651420423684 
0.7699171742739581 0.40722754478025314 
0.5916488072083584 0.6499516904896923 
0.6663727557200767 0.5559473504343806 
0.6546314315886159 0.5714576894073248 
0.8414124811289159 0.29202503665609153 
0.4401329638457199 0.8062829766751878 
0.9757876853670018 0.04783841206172346 
0.8550270488385997 0.2689287457543813 
0.49338960607196325 0.7565666966218125 
0.7676365790708165 0.4107340824793065 
0.7741151966214266 0.4007456623598059 
0.8902189862927533 0.20751015728555353 
0.737628761652428 0.4559038119933548 
0.8495495939285934 0.27826548745582325 
0.42091550472470624 0.8228301378892094 
0.9745239867388953 0.05030299927065407 
0.9199215769603769 0.1537442922565987 
0.20693807471172204 0.9571766332346977 
0.10545591794269144 0.9888790493708947 
0.5814116967877113 0.661960438858904 
0.7824983252945515 0.38769637171708987 
0.5750703363442826 0.6692941082794349 
0.32953648743033337 0.8914057034521191 
0.4914756303738578 0.7584517047487285 
0.9204588829128002 0.1527554448741628 
0.9014938883220233 0.18730876931830154 
0.28034125856182696 0.9214087787479976 
0.13682868740665538 0.981278500180846 
0.6231568710987592 0.6116761621491182 
0.8181683772837767 0.330600506413659 
0.5179772197034612 0.7316997648243576 
0.6970363049480924 0.5141403895845633 
0.8533167540277742 0.2718505172965837 
0.7827202291627032 0.38734904287130417 
0.22923512965182574 0.9474512553338621 
0.10803907315425798 0.9883275586720044 
0.3123671965968368 0.9024267344902597 
0.2353225349787938 0.9446233045312379 
0.8037708226927577 0.3539524645890626 
0.00949267251746394 0.9999098891685229 
0.20306766428545936 0.9587635237221136 
0.8761105593655323 0.2324302877689096 
0.556351540687414 0.6904729631748842 
0.6453189421268164 0.5835634629355371 
0.9707240639524576 0.05769479166365854 
0.8665479936635017 0.2490945746788225 
0.21945815397062307 0.9518381186558247 
0.8326714932414732 0.30665916485185307 
0.16176434961949365 0.9738322951927165 
0.9511229123498608 0.09536520560641136 
0.7876328323984878 0.37963452132796655 
0.7989922802420687 0.3616113361327639 
0.6528832192067228 0.573743502078304 
0.5164510236000728 0.7332783404149619 
0.25966074098002523 0.9325763006488662 
0.3862059588173057 0.850844957374091 
0.510657603921144 0.7392288142486513 
0.7498772870680814 0.43768405442689406 
0.8195384202927573 0.3283567776640914 
0.8609560259285043 0.25875472141767036 
0.17784092925861858 0.9683726038810774 
0.4495800350106306 0.797877792123803 
0.9839020819804793 0.03193669307740508 
0.9415014319928815 0.1135995372096644 
0.5153623667508618 0.7344016309399931 
0.7711597081866836 0.40531270447232337 
0.698325593659351 0.5123413652415065 
0.23854102230113056 0.9430981806796109 
0.8441090281743419 0.2874799485669037 
0.21248486937597943 0.9548501802863373 
0.6641612996411738 0.5588897680645699 
0.11976939722354155 0.9856552920212732 
0.9749603732883378 0.0494522716803832 
0.2884104212011217 0.9168194290419319 
0.8472599192700719 0.28215337507233845 
0.5384660717964531 0.7100542895242443 
0.42497123242410106 0.8194092912808936 
0.9458500606376026 0.10536766279189065 
0.8442341568985312 0.28726868832665714 
0.4792025580354059 0.770364908372342 
0.6274523273252932 0.6063035769342089 
0.25446515167685535 0.9352474865821138 
0.9764208905663425 0.04660226336085849 
0.9286356283314265 0.13763586979358883 
0.2767232110759936 0.9234242644518388 
0.4654972987344215 0.7833122648709792 
0.8518999847334129 0.2742664160122383 
0.9969249962815855 0.006140557429571793 
0.19366611071083434 0.9624934426082875 
0.8032644723230582 0.3547662228473726 
0.7521774531133248 0.43422907915602116 
0.7648046192943728 0.41507389435997283 
0.058983297116297684 0.9965209706613257 
0.9244047458907954 0.14547586579048463 
0.46275109037289003 0.7858614283597015 
0.02111325618118426 0.9995542304135457 
0.8519380910632829 0.27420148899650026 
0.8044986324634466 0.3527819504356723 
0.9966201350673936 0.006748306425220656 
0.89228811372504 0.20382192210515443 
0.9842368720971828 0.03127777960441071 
0.11692451806785081 0.9863286777545514 
0.8228796140791087 0.3228691475272176 
0.33413300341588925 0.8883551360283477 
0.9125459481065223 0.1672598925949946 
0.5384660717964531 0.7100542895242443 
0.13758982732666664 0.9810690394171194 
0.23572906990786502 0.9444318056008021 
0.8989264570847109 0.19193122475327684 
0.8296549872090513 0.31167553468726 
0.7238293489155001 0.47607107364863704 
0.9812541944722676 0.03714020583225534 
0.8679593741273263 0.24664652486543706 
0.8697644793021081 0.24350975077765077 
0.6407444540389678 0.589446544726636 
0.18809073553089475 0.9646222065598976 
0.6428368017094441 0.5867608468190489 
0.7355999407920761 0.4588927271069209 
0.6051529268798803 0.6337899350887344 
0.9878046280976619 0.024242016710439327 
0.11427806548665465 0.9869409947580682 
0.14997522828890036 0.9775074576666857 
0.42686816598244043 0.8177835688717151 
0.8418489619545693 0.2912903268458931 
0.9133587053374252 0.16577587813612393 
0.4667484505395953 0.7821458919098793 
0.6565951219857901 0.5688889872857251 
0.583974250628199 0.6589763589837342 
0.9556952953986578 0.08664650236680134 
0.7391247451436042 0.45369461111870674 
0.9153488516962319 0.16213647969887596 
0.8125839981915213 0.33970724588579093 
0.9054922200962484 0.18008411575871427 
0.34303289840064755 0.8823306134435275 
0.5190341372773887 0.7306035681367801 
0.6407444540389678 0.589446544726636 
0.8365788435216116 0.3001376974949742 
0.8358961225579953 0.30127767229364766 
0.8186270191398783 0.32984980353421883 
0.8681770250884064 0.2462719042381269 
0.7340780189592793 0.4611294622841234 
0.883635875741934 0.21918763910265798 
0.3538920235222201 0.8747604356881332 
0.6948275776081518 0.5172146373967308 
0.46129410256004316 0.7872077509437506 
0.9314711726461189 0.13236145452949874 
0.8720009821933448 0.23961428729790926 
0.8495877002584635 0.27820073956955993 
0.0970723390275767 0.9905769609959117 
0.6809665645852698 0.5362845463741623 
0.8941344934345081 0.20052364141263085 
0.15013430495641436 0.9774596904756757 
0.5979075945365915 0.642506508395522 
0.6583948455245614 0.5665162273867475 
0.6200639553737014 0.6155206912463619 
0.2724381600817264 0.9257774489313139 
0.5002061997261946 0.7497937577599544 
0.8618337019738058 0.257242670231968 
0.41805497901303046 0.8252300345225391 
0.996053715509293 0.007876995851092321 
0.724561126818323 0.475011859224862 
0.07421423963583451 0.9944922466353887 
0.5433780136464116 0.7047403496408884 
0.5657386105367201 0.6799398245480344 
0.9775841543409474 0.04432922118374248 
0.6547371202216704 0.5713193034038733 
0.2723110504970433 0.9258466918700439 
0.887979192647047 0.2114929534382393 
0.933103277559131 0.1293182734086686 
0.42686816598244043 0.8177835688717151 
0.6386292378256041 0.5921527267314559 
0.7909101350591312 0.37447481751728534 
0.5317421380627603 0.7172502986085116 
0.6064606894027902 0.6322054322091138 
0.6528832192067228 0.573743502078304 
0.10833049315181614 0.988264504274406 
0.17925350003745985 0.9678686395311417 
0.7807682279990058 0.39040097719439393 
0.1904410577459957 0.9637322035246367 
0.46607512333828327 0.7827743505281165 
0.7904955156745831 0.3751168400096063 
0.3167503272817037 0.8996692301669513 
0.9122655623386381 0.1677715437710137 
0.4609957572173887 0.7874829118276113 
0.8191260830121007 0.32903247625079424 
0.09649781050279413 0.9906881725730283 
0.16725091048615692 0.9720271378298864 
0.6772911554898297 0.5412766906953628 
0.42445911203197273 0.8198377398305101 
0.20162532814946477 0.9593472270645373 
0.457941190131381 0.7902898664288849 
0.06556378768849275 0.9957013897441548 
0.7652511966634254 0.4143906060052788 
0.3690285495230135 0.8638179296485534 
0.08976936718666932 0.9919414607149336 
0.6386759610180259 0.592093016817807 
0.4692472058080908 0.7798070598413843 
0.015320161106203156 0.9997652926697315 
0.729453159210336 0.46789808909250996 
0.9448138146369865 0.10732685567127324 
0.8617556276959192 0.2573772381346871 
0.7761023859304768 0.3976678800350247 
0.9116917589628115 0.16881813664558012 
0.7578645392356965 0.42564134278585064 
0.7248366048528398 0.47461189637802387 
0.5735047455756871 0.6710923068022078 
0.7542798117454054 0.4310619675263727 
0.48643488379602207 0.7633811039852135 
0.012500960351819912 0.9998441303409975 
0.45674753215420455 0.7913816918711439 
0.1566245945891691 0.975468741296334 
0.2594369981157603 0.932692444008761 
0.8467934737098345 0.28294081328591264 
0.3609152687775884 0.8697401690875423 
0.8371754466052433 0.2991372716031891 
0.5472200544193939 0.7005502124560427 
0.8308751106565162 0.3096539833231722 
0.9053118403127043 0.18041047178986092 
0.5424234668019371 0.7061980866353725 
0.7269095835929829 0.47160245728377137 
0.8854719807360624 0.21593937136199629 
0.7981777071982914 0.3629124253739622 
0.9283998908272629 0.13807364271231704 
0.79314185392552 0.370925999551643 
0.6430494882318298 0.5864873561009919 
0.48643488379602207 0.7633811039852135 
0.8887688951911548 0.2101638682262116 
8.711896012110788E-4 0.9999992410289201 
0.1674465831488674 0.9719616417923542 
0.5244376339533876 0.7249651680935959 
0.5579526565204102 0.6886888426771784 
0.48325362685797885 0.7664659321312026 
0.8312600040510936 0.3090068056655006 
0.4878857823693769 0.7619674633618394 
0.9738434834152215 0.05162886980975335 
0.7914382685100354 0.3736254671413585 
0.3154000733316668 0.9005227937430473 
0.7521284616152535 0.4343027772283413 
0.9319826466380565 0.13140871561102105 
0.42275920904716935 0.8212746512462606 
0.9344365022322692 0.12682842329596164 
0.48325362685797885 0.7664659321312026 
0.913183105449545 0.166096616038677 
0.37728362773678914 0.8576570642418088 
0.002393011527867306 0.9999942734959525 
0.9502233046813999 0.09708384637106285 
0.6771324089108564 0.5414917008026184 
0.7707858227711761 0.40588921611699424 
0.7293652715114519 0.46802630071311724 
0.22024055481159593 0.9514940980163614 
0.45745179049030904 0.7907378593776543 
0.40326048486034627 0.8373809943741618 
0.4883562459144473 0.7615081771608756 
0.34683002610148655 0.8797089329947821 
0.5902744005539561 0.6515761357405506 
0.38497260518536036 0.8518718997715208 
0.6069125821100317 0.6316571176766227 
0.8105976282868503 0.34293148580089255 
0.5355946802085207 0.713138603549562 
0.47115099545447775 0.7780167394823269 
0.35507165715309896 0.8739241184635623 
0.5355946802085207 0.713138603549562 
0.8761940386129324 0.23228400669990207 
0.3854595998350573 0.8514208968964803 
0.7743128593107195 0.40043959608723645 
0.5898581899275831 0.6521154770760559 
0.38016318025552875 0.8554759563805621 
0.3671750366140405 0.8651824924887588 
0.35764718140296226 0.8720889928322544 
0.759155313699955 0.4236832097511887 
0.8695580979132171 0.24386871437362945 
0.8946818008510753 0.1995444752272956 
0.9727450898464438 0.05376699018059336 
0.5736148181950549 0.6709660403473456 
0.39335432984582347 0.8452723713103525 
0.6356834670150237 0.5959065297637912 
0.67056554338085 0.550341852035666 
0.8877744140788888 0.21185685841382496 
0.9141041467403562 0.1644636450456723 
0.03993767151481317 0.9984049823939944 
0.2900714634056835 0.9158585461180629 
0.6984852527688148 0.5121183728176529 
0.05000897039504376 0.9974991028808947 
0.681462673097848 0.5356086251793323 
0.9466810564699865 0.10379497732093394 
0.516330065543873 0.7334032638121543 
0.7699672113043059 0.40715049351644855 
0.8870376637544987 0.21316418312299173 
0.8580825739352979 0.2636942963085979 
0.47385317857842835 0.7754631651517911 
0.9640764581057601 0.07055658292632136 
0.8716234832672283 0.24027250343710418 
0.04739937663721455 0.9977533048386725 
0.7334213208521423 0.4620931661364618 
0.873645716099188 0.23674316274159785 
0.32953648743033337 0.8914057034521191 
0.08496854995821912 0.9927803455188184 
0.5651033124388021 0.6806582462713762 
0.7898231424999138 0.3761800653190103 
0.9237364026556838 0.14671105842909427 
0.5255862827979275 0.7237612610584235 
0.9956693376973327 0.008642569969403926 
0.526143776255958 0.7231727267071646 
0.9738434834152215 0.05162886980975335 
0.9812541944722676 0.03714020583225534 
0.6022765376792232 0.6372629721776405 
0.3437435507500384 0.8818403713179015 
0.5663223028926394 0.6792790492666594 
0.9484082218287928 0.10052227895703836 
0.9348128911030333 0.12612485862761755 
