2.9896239631577344E-17 0.9999999945322549 
0.8518332127544384 -0.7733690122757789 
0.8518332127544384 -0.7733690122757789 
2.9896239631577344E-17 0.9999999945322549 
0.652511788986554 -0.45826332567025685 
0.823331980957991 -0.4582670591885183 
0.6183967991992905 -0.12421852783113194 
0.4538821114492343 -0.1242184447485731 
0.40931373030978724 0.2421603427386596 
0.2577626503941065 0.2421610854876502 
0.18222877660487646 0.6696520895237592 
0.08300154537644586 0.6696523565498209 
0.22789315433986057 0.34751398779642056 
0.20202879442817323 0.5376559835961002 
0.044977833121229216 0.743501049249304 
0.04593937132247944 0.7400992058791481 
0.006261142611652212 0.9196536175719147 
0.428311317776072 0.01287111911796504 
0.427751523009754 0.01852306316782313 
0.20468918612107678 0.5175292432302776 
0.439210795960302 -0.07695098461210446 
0.8441577608796003 -0.7487597716470449 
0.026001784025205144 0.8197938307334288 
0.43593225206525266 -0.05429901196331129 
0.2026779115915443 0.532771365522695 
0.20158943461389545 0.5409509834327021 
0.233229701235143 0.3154592762444115 
0.005708089368487556 0.9234299761035862 
0.23838898418347165 0.28904474678331693 
0.20114387463012096 0.5442826110353661 
0.439914267135845 -0.08127600425097364 
0.022553980034112853 0.8351434732900892 
0.2157109492481179 0.4333543836660357 
0.21330895505122272 0.45153487520908603 
0.051792415570704076 0.7222146148757848 
0.4294523850743084 0.00163344896830888 
0.22853374210156147 0.3434419223479063 
0.6195737351100304 -0.14456147859889013 
0.4169608417820502 0.14246628259301425 
0.20414022184103314 0.5217037168094982 
0.009305022812762409 0.9008559301461797 
0.41453475243337023 0.17337987166336802 
0.20861049734833748 0.48751623197137894 
0.41614065170368963 0.15282367362214988 
0.050736037034849045 0.7240309128472424 
0.23389301714530622 0.31179298088690516 
0.415849976139572 0.156518181350324 
0.8484484987044482 -0.7685534815205789 
0.1913640701020135 0.613831802159322 
0.839953827843071 -0.7149561678665288 
8.320812005941335E-5 0.9908779339960909 
0.23943020030288342 0.2843331495835992 
0.21963105560856674 0.4043241176905103 
0.8259920443266899 -0.5108219918128392 
0.007458561426119004 0.911905313216462 
0.22615338714547845 0.35884131061051355 
0.2227642143544586 0.3819461372652076 
0.06340215678635754 0.6903372922950183 
0.8430759919194727 -0.7414004056352195 
0.6282084634038654 -0.2792510472195275 
0.21013703765921135 0.4757972264958363 
0.21247518481110245 0.45789202065967016 
0.2266707329265371 0.35543194491692454 
2.8935861173445604E-5 0.9946207673259823 
0.4173240871418707 0.13804059693006346 
0.6300586284604119 -0.3041716655299251 
0.620394650523791 -0.15850482503167257 
0.6193881645490962 -0.14136037046596459 
0.030258103838172318 0.8014287064984564 
0.4191994450136027 0.11475105717711309 
0.20291434570573708 0.5309875943822555 
0.2146327319311061 0.44148702919012633 
0.1902118334314331 0.6214406861280584 
0.6187130286135134 -0.12972392272990924 
0.6211332085989177 -0.17086753174985836 
0.008009218344269303 0.9085117054841799 
0.20913415121163936 0.48349568388039854 
0.4319342207785873 -0.021432051506107514 
0.8473287157171572 -0.7648513185641683 
0.8310551980734074 -0.5997809018689578 
0.22719917133227033 0.3519844528150585 
0.8289947619587719 -0.5654420525063182 
0.8466832857742015 -0.7622451050313556 
0.8457369730030041 -0.7578031424710284 
0.04312530821878571 0.7502102421507651 
0.018089677745626642 0.855766201329658 
0.643046324801623 -0.42966486276543786 
0.04419933543973703 0.7463227079892333 
0.832634401613808 -0.6242561619691546 
0.21385333445182755 0.44739558102099847 
0.001479106297311945 0.9614721433914518 
0.6273698342505853 -0.2674524400944773 
0.6245221496157901 -0.22519206754145743 
0.42088945512268605 0.09443046607774079 
0.23279669964822697 0.3178929398885365 
0.21520211093185973 0.43718595360267215 
0.008718539932032823 0.9042686080816127 
0.20793312601322173 0.49271807341914087 
0.06456203225822277 0.6883607669927021 
0.6201834419081773 -0.1549372538166959 
0.6185203778023008 -0.12637334872565334 
0.6218244098354236 -0.18227505942776925 
0.011127332564846524 0.8907027276923218 
0.8291913529868585 -0.5688313320465511 
0.03800926282347278 0.7696961668746913 
0.6321864705853701 -0.3308492281649837 
0.1852816199607163 0.6522088996680527 
0.19676177725981334 0.5764040410853929 
0.6213588909480884 -0.17460974505611193 
0.43101894230617466 -0.013108456406726412 
0.8492395044285497 -0.7705363777662242 
0.8336248822535375 -0.6387578596869447 
0.44295462384086626 -0.09769701541436335 
0.8477636622184621 -0.7664130673884086 
0.43531837450231925 -0.04961539543896908 
0.20540076099332422 0.512105034610617 
0.41827459420291974 0.12609753253366426 
0.6340203423679656 -0.35204529107737115 
0.013902606565692033 0.8762099914184995 
0.006760775437588906 0.9163508756907747 
0.23065175010250133 0.3304000376220238 
0.23532961095845595 0.3041169041205736 
0.8278340327741516 -0.5449509382169038 
0.8324130478955134 -0.6209247775682244 
0.20576465696852314 0.5093260731312438 
0.64495353839976 -0.43995513853457313 
0.4179779475627293 0.12976862522057298 
0.6255393511199129 -0.2406645380737409 
0.619227832380301 -0.1386247889674862 
0.23499291109028006 0.3058828753375016 
0.015227391613819141 0.8695908445426411 
0.2236198759519336 0.3759945766745876 
0.2375739826474651 0.2928839279709462 
0.6426485594666735 -0.42723913769329996 
0.06168044726077482 0.6940704310858754 
0.010363979180413055 0.8948812379800006 
0.2247918587638416 0.3679688711223289 
0.23580834170144982 0.30164162137252604 
0.190396295320809 0.6202325378907532 
0.010800586967834869 0.8924792947290449 
0.43841172942709006 -0.07180498978546071 
0.21985767882004928 0.4026776288705137 
0.24370591048806212 0.2673771316252492 
0.6257696994547133 -0.24411133897281673 
0.026685113639681318 0.8168029629349602 
0.8451764236401162 -0.7548256224264344 
0.0016212813033907886 0.9596523197602564 
0.2324253570211522 0.32000499799787746 
0.20601030715283952 0.507457721667675 
0.825841334906706 -0.5079451483074807 
0.24443688208407888 0.26488117560337804 
0.18488695950383485 0.6545365767789072 
0.6320073903886247 -0.3286890246941797 
0.04260067508157577 0.7521458286221041 
0.4099249474129881 0.23399199554768144 
0.22880718930052124 0.3417216840407743 
0.43071466805551806 -0.010339468790173393 
0.2072977539019408 0.49758936352831734 
0.41421535606490884 0.17750838333062277 
0.6366406406571771 -0.37928572240780356 
0.8288643862714739 -0.5631809368553503 
0.07672969091926357 0.671769569745614 
0.6271796129715768 -0.2641890689961622 
0.826743525971476 -0.5249785187316044 
0.4375483184954846 -0.06595014171694608 
0.6197824245507667 -0.1481244373467947 
0.038964563424464686 0.765961220877805 
0.21292412252512632 0.4544666705751752 
0.1896339654842965 0.625200588969755 
0.8285823439074919 -0.5582538624984913 
0.6288022682594421 -0.2874181676307031 
0.8287085118748423 -0.560463857206409 
0.22560024070406018 0.36266615717283596 
0.8253888350754933 -0.4992329445813204 
0.0018729949929375267 0.9566117409109443 
0.6220295444346899 -0.1856297236974868 
0.4315689093478509 -0.0181596134515117 
0.21601691572866466 0.4310562755494719 
0.20976936518996034 0.47861904972745506 
0.19351119675002654 0.5992758797294614 
6.598220272291421E-6 0.9974312985617058 
0.8395855021594204 -0.7113361785788815 
0.1845716495677726 0.6563811781463393 
0.8338172610725639 -0.6414974632249847 
0.8255639874109606 -0.5024191616618194 
0.6463387174851487 -0.4460197729334502 
0.4239722553815967 0.05890899648911628 
0.838392797909381 -0.6989049451357071 
0.8423258989943802 -0.7357458010188095 
0.4185981727748326 0.12211045695868084 
0.8391185723685469 -0.7065980170841952 
0.4321530306859329 -0.023371353841197293 
0.21415256561352378 0.4451243700415316 
0.6190821143999765 -0.1361132060827921 
0.4438632696070739 -0.10187058688893787 
0.8436524176321945 -0.7454389515301574 
0.41634429772827747 0.15024262062035326 
0.034757373784671176 0.7827188325304331 
0.2416892590257561 0.27488274524184697 
0.4156544353813052 0.1590102767362026 
0.41948646999528816 0.11126126332599606 
0.8280122370418275 -0.548149028362033 
0.8300970352672283 -0.5841434945753701 
0.41053799674892216 0.22582365802515572 
0.4324252206704285 -0.02576176393425832 
0.2294328946054527 0.3382361218012941 
0.8362866147087683 -0.6743572488568678 
0.6246820869215386 -0.22764836886477327 
0.6492713830728832 -0.4548750252397566 
0.25350552156996325 0.24453692061525908 
0.8246861115069939 -0.4854847705444145 
0.028433113044773736 0.8092261393826493 
0.6412818489489294 -0.41817968745115713 
0.8261684659640941 -0.5141737295663882 
0.6384416303057003 -0.3958370042154944 
0.042148998322427356 0.7538243616707953 
0.43281511552903046 -0.02914304581135342 
0.4255384081745083 0.0417195228313062 
0.6372864394956526 -0.3854286488685632 
0.43021906734635057 -0.005697330174285875 
0.6210109807860472 -0.16883376301326136 
0.8365386312501654 -0.6774660123248887 
0.03971782057460843 0.7630430914163127 
0.037475056843137455 0.771804056911909 
0.8269107555884035 -0.5280856201139569 
0.4138729929335435 0.18194744066452725 
0.18720312622386784 0.6405798090325321 
0.05925067027113727 0.6998192905133455 
0.24020701033919384 0.2809624793416975 
0.41416220927834846 0.1781965654740672 
0.8358141726523844 -0.6684053072845461 
0.6329570906830695 -0.3399639398692106 
0.6276594458682236 -0.27156148816370945 
0.41082821231206657 0.223614041687482 
0.2191061858222226 0.40815241483187364 
0.1931841169042377 0.6015234570422849 
0.6381990860955277 -0.3937139111822793 
0.05465603718176126 0.7121413247014957 
0.2166381414164489 0.42640507655594945 
0.22307648559767596 0.37976548796446463 
0.22098682772857733 0.3945355353197184 
0.6342494441778108 -0.3545721913044814 
0.8312477780956951 -0.6028528446946764 
0.22067476093403066 0.396775218931997 
0.4227769823929754 0.07243883566494552 
0.4362034206731731 -0.05632115668344931 
0.44831183706027333 -0.11724242269700355 
0.03096140260604796 0.7984550212120511 
3.5442142612708213E-4 0.9811699701228183 
0.41365017869949544 0.18484822103032247 
0.19379117043052968 0.5973437824930362 
0.20023932364525882 0.5512659386780294 
0.2470239126633026 0.2570399911138625 
0.6410145813983881 -0.4162779669645493 
0.628502215403207 -0.28331090501757994 
0.8349969039009056 -0.6577324635737668 
0.20694867496690256 0.5002651377833776 
0.24060868110771147 0.27926889812340167 
0.8251880326890176 -0.49532898635159794 
0.21162852136919647 0.46436493938356105 
1.484201235399385E-4 0.9878165282092946 
0.8294724138046579 -0.5736382557334659 
0.06266360380130138 0.6919034026419052 
0.003021169432112003 0.9447485169461798 
2.5938144362220574E-4 0.983892562943737 
0.8250689409563118 -0.4930071089798496 
0.6418277865120646 -0.42151533992059376 
0.6317887645131737 -0.326030043264816 
0.8271498906091234 -0.5324790026722551 
0.018470924578352976 0.8539653671608918 
0.07144475176164763 0.6768733833671168 
0.222066107638084 0.38729095769321464 
0.8308960375142996 -0.5972239332633934 
0.42250585453327427 0.0755408076721024 
0.6243256815235948 -0.2221572473734419 
0.6421524692471079 -0.42408003627628765 
0.2452356841857004 0.26229339843396005 
0.029910033403237585 0.8029068900054033 
0.4102326378693393 0.22988903972541463 
0.019178853213541597 0.8506431907914136 
0.01694341585706899 0.8612341726445494 
0.03577060135367385 0.7786132189063687 
0.2033613770461484 0.5276102298707591 
0.012852802323924037 0.881579938266401 
0.02085758725792347 0.842868539687144 
0.0742229131846479 0.6738121413211741 
0.2387912416259022 0.28720206868918513 
0.4289822557601311 0.006216771792164879 
0.011627563376402528 0.8880775003864665 
0.07736660939842022 0.671359779542209 
0.4331327676230705 -0.031860197100959546 
0.4469843415799679 -0.11354873835962478 
0.6344083117444012 -0.35630834705650244 
0.018812988153890403 0.8523566838748199 
0.41680107192851834 0.14447585793890905 
0.014256558513631168 0.8744252475861359 
0.22920640084079408 0.3392292491059345 
0.21711644249888032 0.4228382976952301 
0.8264184608756662 -0.5188936437903598 
0.2202462554118811 0.39986389107058584 
0.1947451634217401 0.5907046140689469 
0.2007325164920911 0.5473491883744288 
0.6248255757776229 -0.22984984044231727 
0.22177767229892414 0.38889781369911836 
0.19210997333535035 0.6088291350939434 
0.4100608468117607 0.2321790353695942 
0.4380652597685472 -0.06949744925605211 
0.44568872189209713 -0.10920616572847469 
0.04029994518262653 0.7608083983780106 
0.6285211578738273 -0.2835713874115966 
0.8307857416370914 -0.5954424505384016 
0.02535805559069676 0.8226264589191118 
0.023809866416404563 0.8295005306735994 
0.4275626496308722 0.0204628168747462 
0.42736797403140936 0.022446976992372757 
0.053783224054147316 0.7146841128696335 
0.6275278422467914 -0.2696987479039124 
0.42326901184039323 0.06682266654516485 
0.41037584152446294 0.22798167703624755 
0.1945466949899447 0.5920926514386406 
0.1830967014983197 0.6648265921443685 
0.6376469953061688 -0.38804167229298786 
0.8296223875533258 -0.5761826251388846 
0.22150045958782671 0.3908676156626777 
0.6226820421202611 -0.19620296300394346 
0.41839234621771715 0.1246445027002318 
0.643426603301902 -0.4318941845192297 
0.1964956082162209 0.5783110646124815 
0.029493378368300682 0.8046949802229485 
0.6205347290223383 -0.16086305869797934 
0.0012181248128415034 0.9650517821109504 
0.824960249300015 -0.4908792840490838 
0.8236223204012803 -0.4641813793671402 
0.0219646224757701 0.8378133768927265 
0.6188559862268843 -0.1321881339591204 
0.1867894163536137 0.643124088845334 
0.42677644784708735 0.02857899323598445 
0.43721324183466653 -0.06362971869566855 
0.210460667156914 0.4733142952402613 
0.8375413408407122 -0.6893757669437665 
0.020343576260493434 0.8452344896963823 
0.6262433394312149 -0.2511308500087411 
0.8240635799076492 -0.4730885743415796 
0.23417906977925393 0.3102353812874 
0.014794477000495243 0.8717361504495256 
0.18619498056764866 0.6467413337929957 
0.052235582556576385 0.7193425883748902 
0.4402116670984591 -0.08304598068775731 
0.8302137335884794 -0.5860791645036322 
0.21696647352450288 0.42395523914728106 
0.6485629279535969 -0.45323567345172694 
0.048833618288944 0.7302158640535907 
0.22714840703485384 0.35231407280673954 
0.016725327930734835 0.862284217280595 
0.21888621369790545 0.40976286496531894 
0.19782491471258523 0.5687321896905047 
0.6216957285624879 -0.18016359002164042 
0.016289820838281788 0.8644181340951809 
0.024926652842750197 0.8245330875540814 
0.41535135930802586 0.1628833585684141 
0.027803752968616133 0.8119419396394668 
0.6363785271418736 -0.3767254835978143 
0.01754946312181177 0.8583333447529158 
0.8244353230755841 -0.4805151412163898 
0.8283646357901198 -0.5544179634290115 
0.012541465728292955 0.8831968133373894 
0.19715305002722783 0.573590624899347 
0.013420532773245647 0.8786607885320079 
0.6362973484607878 -0.37547647161430886 
0.4155168803434759 0.16115240214775756 
0.07276528237387855 0.6753142011317845 
0.24869084549952364 0.25283033265571225 
0.8277163216940626 -0.5428282501706042 
0.2263697276217493 0.3574115434947682 
0.039424445296223624 0.7641757086528427 
0.8370509601986071 -0.6836435090333632 
0.6415909322494853 -0.4203261207222548 
0.004634148198603513 0.9328110121016645 
0.049369759443951444 0.7284473681751452 
0.8360228412910028 -0.6710541583192595 
0.42632384711070553 0.033335475215369496 
0.4206614852637862 0.097138768354777 
0.2050625302547967 0.5146850651599096 
0.837695033437127 -0.6911357637672423 
0.1858165302633173 0.6490201858760132 
0.019529830867204986 0.849006104039939 
0.002199010386567668 0.9529545981564188 
0.01563022349367804 0.8676090289022961 
0.413486285177577 0.18697785213227522 
0.6312841030137868 -0.319802893928259 
0.2318775811368988 0.3231618812391458 
0.0025204329952610645 0.949596722076377 
0.20821231017566658 0.490572865561391 
0.6401526751037474 -0.4098586029371386 
0.6189511272124548 -0.13385018093759798 
0.8276107771231157 -0.5409179192803498 
0.6348513100838441 -0.36107973746560595 
0.41087087359560803 0.2213997152515577 
0.6215793694967784 -0.1782480233285753 
0.8419415953204761 -0.7326786469668877 
0.20634683708965246 0.504874072389532 
0.22399358024488317 0.3735245894171889 
0.42536754289524936 0.043564761936431176 
0.6208555102646414 -0.16623776806032886 
0.4251240208778182 0.046207614970695685 
0.24978258405562448 0.2504407059353802 
0.19422785583660854 0.5943152108230313 
0.4120364382755858 0.20598017249606676 
0.6308054317298553 -0.31378249596462165 
0.6234603336990411 -0.2086166847542112 
0.07367145021111346 0.6743533027745001 
0.4246627777050941 0.05125454230382618 
0.25265457824953386 0.24557593753609833 
0.4298610165639112 -0.0022960955292187077 
0.41518674316905785 0.16499226266603595 
0.2420016209346217 0.2736616380270886 
0.6392200596476059 -0.40242480580426265 
0.8252984602307872 -0.49747962030687853 
4.309009793365959E-4 0.9792360145977216 
0.619864146163681 -0.14951790047925756 
0.8367500646232604 -0.680038722483778 
0.2361323309941425 0.2999904579407555 
0.4112953964292247 0.21577031282264406 
0.1856477192121681 0.6500305746423027 
0.19931620936798614 0.5578329300035024 
0.023175533125419256 0.8323429882879777 
0.23206949957937148 0.32205050979629635 
0.19885864287186428 0.5612159513732919 
0.6469182372012354 -0.4482009617389249 
0.8284271293877195 -0.5555219199066148 
0.4463665833758963 -0.1115684723181085 
0.6298869670873483 -0.3019255082698648 
0.829930448779067 -0.5813523794874033 
0.8446885923159408 -0.752025855002979 
0.6439847399943194 -0.43500662616133917 
0.6436376077684898 -0.43309327395403924 
0.4366587950796331 -0.05966535662677077 
0.4244346247926712 0.053770662996580176 
0.8436655866425896 -0.7455281006554184 
0.1929401384438515 0.6031931178979489 
0.8257251174127873 -0.5057181994931044 
0.8239383414823986 -0.4705705972652262 
0.04665212852266959 0.7376146307281229 
0.2447420232716084 0.263875303133435 
0.24778892186205062 0.25502463391922775 
5.225952963982925E-4 0.9771998042792348 
0.1986056795858296 0.5630464535816421 
0.6358681005607555 -0.37086889315804644 
0.6223529806631545 -0.19088936101531775 
0.828199075175684 -0.5514819314301446 
0.1957893599975126 0.5833428810918202 
0.19088576548050212 0.6170081781615206 
0.19087829263124875 0.6170576051959884 
0.055258482902411504 0.710422606138256 
0.8426729852910821 -0.7384188913994979 
0.23911438224631787 0.285739039166284 
0.4326426144788794 -0.027653314583931953 
0.642385148810908 -0.42522904712969817 
0.4411642455956318 -0.08847864677377504 
0.8241456131254719 -0.4747335354017469 
0.635039173835801 -0.3630718782778021 
0.017428645446596808 0.8589092976858397 
0.4197755267006824 0.107762300454292 
0.028625979074710622 0.8083966176273456 
0.25141950348213216 0.24741296186410014 
0.41470323900974326 0.17120712476256753 
0.6324410985861583 -0.3338939318781911 
0.4300558792564977 -0.004152192060061325 
0.8454244864496433 -0.7561749668420533 
0.008249750652460058 0.9070578030796562 
0.19840466618208658 0.5645132729459675 
0.21859719832039196 0.41188401370329075 
0.2507664052008601 0.24854045947289677 
0.07537604722105057 0.6727874719817393 
0.06034716985291015 0.6971566216068963 
0.8274673501838716 -0.5383118774201205 
0.8303426825311067 -0.5882080581215149 
0.6261138146310136 -0.24922030874663956 
0.20058717715551283 0.5484304371270019 
0.419573527911505 0.110205761464823 
0.21483459230123325 0.4399606184179478 
0.6214595672781562 -0.1762737116340814 
0.2223274319932132 0.38501243580276956 
0.023155038211465945 0.8324350863171982 
0.44099052595932964 -0.08751495528041252 
0.41650319300240746 0.14823300736535863 
0.06838900021326405 0.6811964787891684 
0.18284525700899196 0.666235715446464 
0.19253223771239938 0.6059711744742788 
0.03531533129422226 0.7804527909160645 
0.003859915284028237 0.9374048684742461 
0.25430588125599446 0.2437298270567981 
0.4215731838289818 0.08637205101248688 
0.6232627710300365 -0.20548634632402857 
0.6515913466152693 -0.45798931560639133 
0.6390149237797588 -0.4007223624155859 
0.6335737037992712 -0.3470408906823479 
0.241124496791373 0.27717451367900275 
0.8379679380222405 -0.6942176470083212 
0.1960604466537978 0.5814163304919663 
0.8243549293490594 -0.47891511671259884 
0.002364015488639626 0.951203448977402 
0.009656777146991743 0.8988468833552316 
0.18345296998008842 0.6628146171003875 
0.6498146273820218 -0.45591436198211444 
0.18741946670013873 0.6392577979800381 
0.6263872961680332 -0.25324631390448465 
0.058333018609507487 0.7021325035899096 
0.2072977539019408 0.49758936352831734 
0.6292315854264008 -0.29322435916633666 
0.22984864874966818 0.3352676924728006 
0.41100627039932275 0.21960270911749352 
9.377357036521872E-4 0.9693499079371007 
0.4345231809331829 -0.043348346631980124 
0.42125555997690545 0.09010341841576164 
0.624955559469532 -0.231834222574735 
0.630739030475875 -0.3111989202192318 
0.21628194738550122 0.4290697031048492 
0.6353409622251512 -0.36623284301219006 
0.06686484341102261 0.6837202424642421 
0.43885994426180824 -0.07472184084638189 
0.4348967450354409 -0.04632035290911463 
0.6398233926791289 -0.4072914609584038 
0.4241987902986151 0.056384987753186025 
0.44438851536310614 -0.10412570989736204 
0.8341971400734391 -0.6468312486061089 
0.19406563616632544 0.5954423034620477 
0.4149985383196322 0.16740778428435912 
0.041168472687375786 0.7575057848500285 
0.6508445681640553 -0.45736486980503543 
0.6200085449525184 -0.15197273194522345 
0.8446885923159408 -0.752025855002979 
0.01223387978510218 0.8848060836535471 
0.41218203356098415 0.20406266559055505 
0.8345301519626664 -0.6514248564772172 
0.05761504810050194 0.7039944907146781 
0.6407450181699545 -0.4143171974540054 
0.010037923628908929 0.8966973121130076 
0.834074471965196 -0.6446394379550316 
0.6334279942160643 -0.3453860668230278 
0.43874233747849667 -0.07396397305716751 
0.627844192356554 -0.2741637454867188 
0.6337950669913006 -0.34953404183232695 
0.8234680230800742 -0.4610434587238745 
0.03369984533430559 0.7870478253863351 
0.040884269470245704 0.7585822355192838 
0.1842023187757572 0.6585244063371107 
0.8429132454748991 -0.7402120307969362 
0.24241726660782287 0.27206974668847445 
0.41325216083419414 0.19003155925586132 
0.6228687296308896 -0.19920047147586334 
0.8327789005806339 -0.6264131745947447 
0.2000624738584405 0.5523239049197902 
0.03227288660550032 0.7929572936982199 
0.01457629432197538 0.8728242321114745 
0.8406589744078773 -0.7215950542653231 
0.4339322044990177 -0.038546890615251225 
0.8344309226792721 -0.6500642025612864 
0.6352316514198095 -0.3644556426347489 
0.8317167991043909 -0.6102340290345983 
0.1826483947117783 0.6679680101245987 
0.21756428503692177 0.42041643942030954 
0.22451144581643123 0.3698754539562181 
0.008521118924415594 0.9054361469321283 
0.8373008078085309 -0.6865857617384225 
0.4237285328682204 0.061638327009165016 
0.6242432411433083 -0.22087940687148006 
0.23151131204838915 0.32529990113577484 
0.6267879560372087 -0.2590883517314465 
0.8351483476943737 -0.6597418508927404 
0.04830827935209751 0.7319684853000099 
0.23027662277189964 0.3326616154921227 
0.211899686853873 0.46229017036954095 
0.8237221117547491 -0.466204371633999 
0.19224637608627737 0.6079079607569235 
0.21304657190116927 0.45353333967322185 
0.8314438626003193 -0.6059562006080836 
0.05011978674706169 0.7260060793386256 
0.6231308443250501 -0.2033880689643092 
0.8342909125498119 -0.6481326693069003 
0.8262647897574055 -0.5155500292385142 
0.03328690309233867 0.7887500170053887 
0.256159639852178 0.2424993871518981 
0.24320019668859078 0.2691749359518397 
0.05673309082358876 0.7063443066654265 
0.6346199183980107 -0.3586000029425651 
0.8318387686188419 -0.6121299722351706 
0.8339574133477455 -0.6434769690927072 
0.41986699131091854 0.10665846372377964 
0.6442056109789646 -0.4361856892765533 
0.43350517076353196 -0.035002234018533876 
0.0570888048435223 0.7053884026620085 
0.8378766389736092 -0.693108077810349 
0.6303289386896417 -0.30768080007999926 
0.19761966679736948 0.5702199667019745 
0.18638155600448583 0.645610958731578 
0.44994182684222916 -0.12071810754285908 
0.6297766490509771 -0.3004747490356605 
0.42616874109863095 0.03497820107487057 
0.8256413263198903 -0.5041056771269167 
0.8363860147589652 -0.6755889830711883 
0.19270592305516715 0.6047903237387979 
0.2106090242472609 0.4721764169579903 
0.4096949741147151 0.237062675398344 
0.8248027927143026 -0.48778568481726986 
0.827295215638967 -0.5351683061178609 
0.2345313340382451 0.308336985106995 
0.032733766197255015 0.7910402706630395 
0.6290356609558385 -0.2905849730287709 
0.22436746401500057 0.3708576172640011 
0.6503213112698005 -0.45671319838463675 
0.6254246014546274 -0.23893954357698605 
0.8348261112882754 -0.6554421677186074 
0.44154410121528165 -0.09054345381127722 
0.4531275262331309 -0.12408954387305332 
8.083404528816257E-4 0.9715486202853973 
0.6241125957509835 -0.21884870827217326 
0.2314042994854069 0.3259284179923725 
0.8463201728054993 -0.7606277354023707 
0.42577391380304697 0.03918862212858706 
0.21776147720881367 0.4180493830450247 
0.6453902309293734 -0.4419960261009361 
0.20652302363263803 0.5041499093600227 
0.05870476391173504 0.7011860441258297 
0.6264829312221594 -0.25464684545647276 
0.4203726413205593 0.10058530502864069 
0.19981076003651044 0.5541859340286908 
0.6235998637114253 -0.21081887241520694 
0.8322899012471494 -0.6190569276160476 
0.434152158940962 -0.04034812702023056 
0.1889101853941157 0.6298543127438454 
0.4133576633857504 0.18865473344490857 
0.4234532835075971 0.06473773084847285 
0.05011978674706169 0.7260060793386256 
0.03673463425994905 0.7747474547290476 
0.43427931775671264 -0.04138177295824045 
0.830512533839832 -0.590996186917419 
0.44792999775710396 -0.11625890137972558 
0.21139130710615633 0.4661810576983755 
0.6280776396591901 -0.27743067764054175 
0.2251666291080657 0.3654346063592612 
0.4228962717420009 0.07130153490502243 
0.8313361553707785 -0.6042546996928077 
0.029085341991573394 0.8064261069079652 
0.2551202113110401 0.24307901509176255 
0.6221839278853535 -0.18814479507370718 
0.4114960750443135 0.2131143573656885 
0.418942874986401 0.11977490316460014 
0.41189710371233523 0.2078172391089842 
0.19507049671396673 0.5884211089466764 
0.4492899253058934 -0.11946906306768096 
0.02153826044009169 0.8397572606073431 
0.21806376805524536 0.4158139922858404 
0.04169987342298445 0.7555043095934045 
0.23722367646328557 0.2945740872358135 
0.4305086427353912 -0.008418914859296705 
0.8235153618476756 -0.46200750433299553 
0.4176375846341302 0.13399898313399713 
0.07040753007337824 0.6782294357932844 
0.23696674471477294 0.2958288131272922 
0.06948135963509872 0.6795372882496828 
0.22410752405958112 0.372636907580033 
0.6237868919055827 -0.2137594174024044 
0.18807253918426203 0.6351621323378746 
0.04051829144950864 0.7599745018418764 
0.2480119517989321 0.25446363168759073 
0.0753351498123091 0.672997925578776 
0.6225583267302146 -0.19420971221955627 
0.19170773634176974 0.6115342306506844 
0.002805253145595807 0.9467885264242488 
0.44241612915915207 -0.09506220338803882 
0.6305366989948504 -0.3103544986455511 
0.21643211342310578 0.42794538338892607 
0.002726752818729871 0.9475483836768954 
0.012008688760532033 0.885992096416715 
0.8424907886041072 -0.73689132505995 
0.449048029640217 -0.11895768421804843 
0.839499124254879 -0.7104721958242558 
0.6228152406643184 -0.1983429313856835 
0.6230261651473143 -0.20171865167589637 
0.6293875712804999 -0.29531320116942533 
0.8388755070165707 -0.7040659072628677 
0.6326765743124971 -0.33668060421835083 
0.20387493136503182 0.5237175224862807 
0.41381804326901483 0.18266119929447427 
7.526264472032353E-4 0.9725481681124081 
0.20957841419554796 0.4800848684934885 
0.44355791331001715 -0.10050639513672618 
0.4211083993249081 0.09183940699767422 
0.42177427303319764 0.08402078148827949 
0.45140922963688546 -0.12283686343280006 
0.8238584096177842 -0.4674282428727219 
0.23019035095373538 0.3331847470534207 
0.4116964897299004 0.21046533928107272 
0.18664112933908358 0.6440307299296054 
0.23672912579476124 0.2970004904648568 
0.07853320694805598 0.6707238862647192 
0.6200689952725299 -0.15299805550089787 
0.04369629497806565 0.7481245009678664 
0.6458520154674283 -0.44402521561733976 
0.42878840785782096 0.008125786479182353 
0.8238721020914775 -0.4692355866990391 
0.8293119211679396 -0.5708999625765013 
0.44204315027574015 -0.09316743774618685 
0.06760155080292751 0.6824702076486693 
0.6445317832197834 -0.43787137000034776 
0.633048889175029 -0.3410297764809411 
0.06081638436177836 0.6960513700538828 
0.20514709733726066 0.5140402469392041 
0.40951277060969665 0.23949785935032017 
0.42024029364872767 0.10217010434506334 
0.6326319562052216 -0.33407074864332975 
0.6259997570287626 -0.24753237684528603 
0.6331986493640616 -0.3427594111959069 
0.8333146575362694 -0.6342877783932036 
0.0035055190747538822 0.94040729600779 
0.44048786731753004 -0.08465842782719288 
0.6395063298759313 -0.4047601533055111 
0.6386854069309474 -0.39793725264383784 
0.004103041632261009 0.9354175887214041 
0.8334473894107381 -0.6362085457044301 
0.07126385816793472 0.6771015853471962 
0.6377004492180515 -0.38924489315969807 
0.21201327612516455 0.46142150313533187 
0.4446913966834777 -0.10537329355410512 
0.8315451892973723 -0.6075499226463625 
0.8368421726342194 -0.6811492324808218 
0.18779051475057373 0.6369298644016903 
0.8409003996711807 -0.7237795242205175 
0.206713589315826 0.5020661524233246 
0.41113087356553296 0.21795024814387545 
0.6404491804695587 -0.41211610394624093 
0.6326765743124971 -0.33668060421835083 
0.6397536991908769 -0.40674005607703334 
0.4124365450090381 0.20071505879979706 
0.4174939599606175 0.1357913510662885 
0.8512656562773461 -0.7732334091477723 
0.03656730834079075 0.7754148857942824 
0.18361668232710432 0.661884036092904 
0.08216559151675165 0.6696895596270886 
0.19810569337935824 0.5666919314866984 
0.6271294057252433 -0.2623814561857764 
0.24102662412264675 0.27754286689498264 
0.24275902264369675 0.27078927501182376 
0.8270497619514647 -0.530656221120593 
0.4235334575985972 0.06383309254478269 
0.19560003558308348 0.5846846412875611 
0.1952566187767154 0.5871106154590017 
0.005334345059683554 0.9260736305064629 
0.8356353814501825 -0.6661113412162308 
0.42519962907086994 0.045385561136317684 
0.8304351882670916 -0.5897288154386398 
0.19170773634176974 0.6115342306506844 
0.42310246221264747 0.06871389656940462 
0.6296173361590384 -0.2983693460891081 
0.8330334034463497 -0.6301780979682163 
0.8319900577981189 -0.6144680518760872 
0.20356613650191543 0.5260584146876712 
0.6379732207469917 -0.3917069513392082 
6.458430699453621E-4 0.9745734542607521 
0.041553489414443395 0.7560541744700521 
0.6266404481127286 -0.2569453214822549 
0.630393271011822 -0.3085108801422382 
0.633287771214169 -0.34378329900071997 
0.0071787243325491835 0.9136673673778261 
0.06283520004557708 0.6915354017680027 
0.005089254834376819 0.9278524980960647 
0.42141836279096595 0.08818819218559192 
0.18768764563324614 0.6375721807870884 
0.8298689711050437 -0.580335941414208 
0.25655133343934444 0.24235434270378045 
0.43125254458732853 -0.015290752193533005 
0.4265208319687334 0.03125907744944905 
0.8359816260105856 -0.670533502477386 
0.18956572800226087 0.62564171399177 
0.40947828606421843 0.23995898269681726 
0.4292047107812877 0.0040398350305551915 
0.8293634850589606 -0.5717814693350936 
0.8388119609713883 -0.703396543577703 
0.06491499762034258 0.6872977770368385 
0.21844745000839377 0.41298532935722454 
0.04756800963410379 0.7344699183616423 
0.4115263373511947 0.21275799640995283 
0.4269841315880757 0.026415055334436145 
0.8233478701492803 -0.45851816118777944 
0.625329719604663 -0.23750924699189535 
0.4187647572723556 0.12006500896335962 
0.06885417109874074 0.6804745611437294 
0.02456939166375907 0.8261509114411513 
0.4178664274331496 0.1311539936710179 
0.6291298115390536 -0.2918554993526292 
0.013206776293740107 0.8797555931139571 
0.831624667364719 -0.6087954708361668 
0.23101394133562286 0.3282369074417674 
0.4380783905661491 -0.06958581170890175 
0.441642480801115 -0.09106830145273447 
0.4374419983300244 -0.06523198357201257 
0.4190085870893351 0.11708006743073925 
0.4230366147159567 0.06946339506663439 
0.44241612915915207 -0.09506220338803882 
0.8264717244321234 -0.5198947511247254 
0.646010966566438 -0.44469290818292473 
0.23106276505342593 0.3279468693496169 
0.05320012062417159 0.7164169927391999 
0.8374553449990123 -0.6870374678606396 
0.42413492729034735 0.05709527743713295 
0.18872045753346312 0.6310640018210063 
0.827289981463198 -0.5350724449266526 
0.4245233575896422 0.05279056525988125 
0.4450102990733861 -0.10664490772196572 
0.19743439126013052 0.5715602813593296 
0.4130957373855817 0.1921520168984045 
0.6368527662852748 -0.3813289794028216 
0.004263463806228773 0.9341354678775549 
0.1990618551198663 0.5597025605151059 
0.6371301217935009 -0.38390539916338756 
0.0548064669154853 0.7117093543429004 
0.18820258684669033 0.6343439564091996 
0.18842683636556795 0.6329275101703069 
0.6346947050704281 -0.35940480752564974 
0.4127407334340028 0.19672259991273575 
0.2094248165361376 0.4812640531558583 
0.6337299034118117 -0.3488027431956942 
0.06585361577239637 0.6855271643402119 
0.22527721363306796 0.3647952757827162 
0.4258174585295219 0.03872224792258782 
0.05631615847602808 0.7074786374390953 
0.8328755318107491 -0.6278477606701213 
0.44199969977257486 -0.09262066131745693 
0.8402779444795754 -0.7180553997128255 
0.6250557301415619 -0.23335894686383188 
0.6394339007691621 -0.4041737414769642 
0.8369780925574676 -0.6827766178275083 
0.07961948272477054 0.6702649606888007 
0.21237514595785315 0.4600631947143988 
0.4474046253690738 -0.11480134827158316 
0.03849069795422666 0.7678076204574974 
0.06774197676581081 0.6822383178853817 
0.8306372872524843 -0.5930323637407489 
0.1892873683173924 0.6275562459706934 
0.8381754304269489 -0.6965237062368898 
0.027628221900309335 0.8132392339422424 
0.05983760819058566 0.6983801905178041 
0.42718042876376366 0.024380672142001895 
0.8330604987202277 -0.6305763417920546 
0.019835993686728393 0.8475832212367228 
0.04770120970469954 0.7340170637045945 
0.8498457159389011 -0.7717065027713691 
0.6279887742960486 -0.2761898936871117 
0.8332063016509572 -0.6327108427998036 
0.4336851506347662 -0.03650381575441698 
6.068511109271826E-4 0.9753540830889273 
0.25192419826374957 0.24661544991367657 
0.011772243559085405 0.8872448057155105 
0.835424703627069 -0.6633786167119667 
0.6402700628171828 -0.4107585007754193 
0.6311169919400874 -0.31767784716362457 
0.21789027366632813 0.4170962749801447 
0.4349171310222857 -0.046481119693912866 
0.826994775529429 -0.5296406918418443 
0.4200346212787762 0.10463960690366023 
0.424863668264688 0.049049812715261376 
0.4406334245215054 -0.08549598344008817 
0.2434062711951197 0.2684368948041066 
0.07283065219086665 0.6752581698518278 
0.6388313759716294 -0.3991780249138036 
0.8297656340304111 -0.5785996090745343 
0.20927571908673093 0.48240875321117743 
0.05275529070813029 0.7177570248559767 
0.8381877231368524 -0.6966592597827073 
0.6206404396849577 -0.16263857079236668 
0.038494449711947126 0.7677929452044054 
0.8463201728054993 -0.7606277354023707 
0.18386129714484528 0.6604865794459351 
0.22231430119545015 0.38510499100086637 
0.6406024524659559 -0.4132628930105059 
0.4096907178508545 0.2371195380055056 
0.8346780948645094 -0.6534404168381829 
0.8401822086746467 -0.7171483367879292 
0.4150606811457769 0.16660972037238836 
0.4260042446423332 0.03672737956632784 
0.6316631468003924 -0.32448871314569977 
0.225523936907583 0.36303374740453526 
0.1981644191932483 0.5662645351515113 
0.00695182367874168 0.9151161798356069 
0.22986796797943954 0.33514946230348047 
0.8281000159692319 -0.5497174411782191 
0.8353134490953509 -0.6619227606796677 
0.41470323900974326 0.17120712476256753 
0.03541990162577002 0.7800295061077108 
0.4204941117011923 0.09913386579815268 
0.05566174610962236 0.7092896918836822 
0.02389604367957568 0.8291155574027119 
0.024234865386176307 0.827604680502435 
0.6309155944274119 -0.3151777953368961 
0.21763632014407658 0.42014450857972424 
0.02727459002481286 0.814236010245309 
0.6360031610694117 -0.3729978181589311 
0.8386025723944182 -0.7011693599066267 
0.8245607980657914 -0.4830056662977592 
0.4464767320777083 -0.11193365033357221 
0.026883741302596676 0.8159366546349937 
0.0033202254921330804 0.9420329039423102 
0.6268782051050242 -0.26020192523823066 
0.6360031610694117 -0.3729978181589311 
0.8245607980657914 -0.4830056662977592 
0.41256092882591544 0.19908141178433422 
0.20793367575283064 0.4927113049439131 
0.4190215698379173 0.11692139745281482 
0.4129086365040997 0.19452289359004205 
0.07863656777200252 0.6706746945603248 
0.8297190154059719 -0.5778017217482391 
0.25751208474987203 0.2422197758301509 
0.04670308938942205 0.7374382237369257 
0.44329200327465446 -0.09928658824782322 
0.4298610165639112 -0.0022960955292187077 
0.6269537256586055 -0.2614854843740109 
0.6471384675507933 -0.4489744428505879 
0.8321046144805085 -0.6162284044482147 
0.07049034192534592 0.6781169427327283 
0.840893214120793 -0.7226338048284603 
0.8355035118247268 -0.6644045536542947 
0.4369370521319863 -0.06166919433367632 
0.6482569668823099 -0.4524289122618405 
0.021250326877104153 0.8410689614962766 
0.1891528457850647 0.628411219692444 
0.6370276737101377 -0.38299438390121276 
0.8386067635417965 -0.7012142634067393 
0.84156810127806 -0.72958308288767 
0.8319263984665234 -0.6134860683772345 
0.8265628056419625 -0.521602533697719 
0.24920178181228056 0.2516754373394147 
0.2233327382898019 0.37798358689667594 
0.42919211810510116 0.004165137644953259 
0.004717597146162114 0.930618612235633 
0.445520906756677 -0.10859089593783339 
0.41663411887340407 0.14657997812890863 
0.23450538612448701 0.3084760738331637 
0.6266010369182677 -0.25637120562969234 
0.6224939253046513 -0.1931699648877934 
0.2108317138355651 0.47046889392383373 
0.4248558347833484 0.04913978336476937 
0.4285062260633501 0.010924444507520144 
0.03240337417088607 0.7924137314693738 
0.22122401077630158 0.3928388802489726 
0.4265208319687334 0.03125907744944905 
0.003239177570684565 0.942757171191468 
0.41741879278058047 0.1367286466185909 
0.4236909067415323 0.062075524549759856 
0.42688849240581767 0.027410088366441775 
0.053345096968651085 0.7159836221301382 
0.005002747747374303 0.9284868663491254 
0.4129086365040997 0.19452289359004205 
0.43692158709779383 -0.06155527316896777 
0.412291630264785 0.2026202650304003 
0.02917679340361134 0.8060346857382373 
0.21113927158305523 0.4681116836283119 
0.020227161388820164 0.8461516499527827 
0.6224143576583826 -0.19188334856280528 
0.0010704176207041727 0.9672467732860565 
0.06131391769859729 0.6949020707328575 
0.6258742372261622 -0.24566851671516368 
0.6293875712804999 -0.29531320116942533 
0.20391537930034676 0.5234106328694459 
0.2364112604414857 0.29858464777525406 
0.4223540727875045 0.0772904515212023 
0.25221382460551 0.24618697865235667 
0.6288989377172445 -0.2887328200167529 
0.18235028757459104 0.6689830545498983 
0.4337825093693174 -0.03731145636976429 
0.005334345059683554 0.9260736305064629 
0.4475660523704573 -0.11526203921504607 
0.22126995177334893 0.3925108197954616 
0.21100185070716249 0.4691647525402646 
0.6206848944895601 -0.16338416384637253 
0.42190800622914787 0.08246190519526396 
0.2402338052439586 0.28084844413666765 
0.04387757159969197 0.7474618233522007 
0.8352412257209105 -0.6609729382402018 
0.411214911565671 0.2168364620302426 
0.6309940399207732 -0.31616782721321873 
0.8322070661135466 -0.6177953961242783 
0.003709745093206873 0.9386609836095218 
0.03621175067346319 0.7768389393676671 
0.027112254623696652 0.8149417125489931 
0.4222276733099146 0.07875141276382924 
0.43333497892159784 -0.033572136225705936 
0.0575023658020634 0.7042909178711265 
0.24566998031699971 0.26094846092490714 
0.6475784051085177 -0.450427891735918 
0.2508137862801328 0.2484550516944697 
0.03170605746592467 0.7953257651866492 
0.18855563344289455 0.6321113615138333 
0.4344995219752127 -0.043158467764045076 
0.19625758414302288 0.5800114797341981 
0.6315293487949737 -0.3228445470884738 
0.21126657080693179 0.46713642729178917 
0.0652401916288547 0.6866741165670865 
0.6240401420162796 -0.21772030659649505 
0.004816268232697459 0.9298754561399352 
