1.0 1.3322676295501886E-15 
0.0 1.0000000000000007 
0.0 1.0000000000000007 
1.0 1.3322676295501886E-15 
0.7242630341366598 0.47544571034626854 
0.16753070195985093 0.9719334720521733 
0.6762389062794932 0.5427568318459278 
0.34552316501956193 0.8806145851086885 
0.7033607712066978 0.5053414660840813 
0.8519673609448727 0.2745947556417382 
0.5208816398384041 0.7358997905621684 
0.20287563459549957 0.9588414849576549 
0.7806349227732726 0.39060940750424944 
0.8090476097565432 0.34544347476375825 
0.8892956524463713 0.20949384594872356 
0.307996561112541 0.9051990592830852 
0.24351437445416152 0.9407007846689664 
0.8440013455218529 0.28766391592426194 
0.7534377186682528 0.4325934549727987 
0.683085436480243 0.5334005406321557 
0.5664412698165109 0.6791442937583316 
0.6139945331688694 0.6230107187212813 
0.7651836350894109 0.41449457639740217 
0.8632592299195759 0.2547863484871976 
0.8013908280946659 0.35777970063040765 
0.9248200747901703 0.14506068789401075 
0.9158498528124412 0.16122082799210186 
0.597292444252908 0.6448031611088934 
0.5770627885601446 0.6670145165374044 
0.5477200208323135 0.7000027869932449 
0.6456111352382551 0.5831862741901727 
0.1502759863317903 0.9774171301015998 
0.5853088367045811 0.6574171214564101 
0.5029819754811029 0.7470091331323719 
0.466003278645182 0.7841221549833358 
0.5581885246562496 0.68975633596517 
0.5282436004992234 0.7218206545911203 
0.7696810898543361 0.40786564984225715 
0.7384028932276865 0.4550283556296399 
0.47588117815825615 0.7735381507104124 
0.3733335017041777 0.8658630277793018 
0.8324725816698487 0.3070019418825285 
0.9040839623258026 0.18472422158720028 
0.307996561112541 0.9051990592830852 
0.6555341802346306 0.5702767921444891 
0.2505909675512176 0.9372861505761699 
0.43359123384663917 0.8120092466120236 
0.9747807165884395 0.049819968010642444 
0.6215691447747358 0.6136571161933961 
0.2682751972426059 0.9280288663997811 
0.22091301642402608 0.9514543108343573 
0.6941816474640023 0.5183748924168007 
0.8217497036093072 0.3262105819781432 
0.9340781065037979 0.12749809192725248 
0.12367357767456949 0.9847048598736218 
0.49745567776920363 0.7525378487989065 
0.6555341802346306 0.5702767921444891 
0.7482503309537116 0.44012144865234754 
0.9817411103179932 0.03618499562293389 
0.875160450680319 0.2367510563094644 
0.4552621716634355 0.7927363633229808 
0.044400815296061324 0.9980286317965655 
0.9903457995726126 0.019215197498366823 
0.819385310688967 0.3286104447596856 
0.4132506762658723 0.8292238832910015 
0.8355495564478175 0.30185939804491496 
0.6311348177931959 0.6016688539308284 
0.8668616720772377 0.24855085515629322 
0.9496583090610934 0.09976706489164522 
0.9414586371295821 0.11365563464252242 
0.9669943043249003 0.06492201667117625 
0.9926642338691187 0.014618090791592368 
0.8800529979892013 0.2255723106154826 
0.294945698545179 0.9130070816228806 
0.9570999192801425 0.08395974494581758 
0.7885475471293834 0.3781930573008576 
0.4071223790598987 0.8342513766076004 
0.4476889006279182 0.8035973035408316 
0.2741028546807402 0.9248680745657604 
0.3595912433466293 0.8707565556066689 
0.38484450915539464 0.8519296823610928 
0.08126447223824967 0.9933961957599443 
0.7934024846164702 0.3706313593988814 
0.28583441089333034 0.918298692251627 
0.7400698568527335 0.4522971755224398 
0.5955753445273455 0.6452900162059604 
0.4860543877537662 0.7637515740233034 
0.6378839956234812 0.5931562474204288 
0.02244463988344414 0.9994965155310938 
0.03239711640258741 0.998950427353184 
0.42415019068251925 0.8200966254858375 
0.10606232313683023 0.988750911053028 
0.009729833077917027 0.9999053308952716 
0.9588714265775642 0.08056558772564415 
0.3958232349526159 0.8433262737088484 
0.2073921805040326 0.956988604481893 
0.08609392554803094 0.9925879472373713 
0.9468971292423027 0.10338582768300698 
0.5383518842410874 0.7105052332085418 
0.06359561373257255 0.9959565099237114 
