0.0 1.0000000000000002 
0.8518332602156944 -0.7733690122609286 
0.8518332602156944 -0.7733690122609286 
0.0 1.0000000000000002 
0.45388229952626946 -0.12421844473993218 
0.8233318914136876 -0.4582652286447396 
0.6525113981542957 -0.45826332564236383 
0.6183979817643303 -0.12423916846042568 
0.2577594706237837 0.24216108658117558 
0.40931440913949224 0.24215125838484525 
0.1822310645832213 0.669639511804547 
0.08300348454223123 0.6696523567517139 
0.8342526357945226 -0.6475010934824262 
0.18854736630555743 0.63418708902725 
0.43633794646696267 -0.0530481691503275 
0.43085840843678935 -0.009635807926491652 
0.8249058029119093 -0.4898105566911728 
0.4136120318773343 0.18534045300041116 
0.6233750293378522 -0.2056981989975279 
0.6450894087494147 -0.440602741731971 
0.23348467546308493 0.31404287741268583 
0.4200515077778868 0.10443666161915144 
0.06223772409294255 0.6928306934923906 
0.8481875129885051 -0.7618406315319126 
0.06880336792220294 0.6805523214255171 
0.22885609441749039 0.34161813014112286 
0.4226467234605889 0.07405749317045644 
0.6211660137872886 -0.17141254790784843 
0.19824712109121617 0.5656621137446094 
0.20598125583478616 0.5077346008207755 
0.19177719502412546 0.6111550665596831 
0.008165572586078706 0.9076603268853803 
0.41536897232000924 0.16265823107104563 
0.6247687753244786 -0.22888396155057095 
0.028290545218563834 0.8146850072491832 
0.8317705675546555 -0.6110693903098616 
0.4112391062525329 0.22002029079505514 
0.03567954933409201 0.778997435388109 
0.23718902181381799 0.29474262954290603 
0.6409210659280062 -0.41087373096827334 
0.2215194448119447 0.39421039951752684 
0.6200624500939094 -0.15288584864604884 
0.21535331378772063 0.4362162325729099 
0.8271350560413259 -0.5278291802579308 
0.8396293354193543 -0.7117075896384866 
0.8420049280053794 -0.7331915350011153 
0.6363916185439572 -0.3733907229724916 
0.6264671940710296 -0.2544166421361708 
0.22560352752146623 0.3645396931339745 
0.4274578140102837 0.02154728225208866 
0.21126539824469892 0.4683792992180027 
0.011006417901930464 0.8929945157679567 
0.024113797923824176 0.8396726479154076 
0.20258321964211518 0.534657002088719 
0.8376633126727084 -0.6906568560247266 
0.002183103597122038 0.9531301808802631 
0.21880449896696424 0.4104894855008456 
0.01737463662350433 0.8592197986154555 
0.004204626917053422 0.9346033191355958 
0.24074947693133253 0.278683488262892 
0.2138223649086219 0.4488048411926866 
0.08202418182979188 0.673484851485299 
0.1947601336161784 0.5907654392278603 
0.04092569602521412 0.7696469529670378 
0.24774114567930747 0.2551463793895365 
0.42475707188960654 0.05035341810423715 
0.6277459953289889 -0.2679702589253383 
0.24382372357508755 0.266966906308017 
0.042433695501908786 0.7529222965458741 
0.8285214009993589 -0.557182137150493 
0.045602385198705214 0.7418960849373074 
0.05461480363197663 0.71229501309995 
0.44873244863843603 -0.11825166005946883 
0.6382549286216843 -0.3942040348901491 
0.4182402084945466 0.1265223782971408 
0.2541942670264626 0.2497885650643594 
0.02084879498742833 0.8429414840088741 
0.8238061854271079 -0.46790479517109373 
0.03155563785385415 0.8007615272901522 
0.4173272338191179 0.1378737347769539 
0.4429013799030921 -0.08426998907934793 
0.1979412356541201 0.5838425775199804 
0.827145243077084 -0.532413480337621 
0.618763264416105 -0.12659941697470264 
0.6345042305851599 -0.35665882618352296 
0.6500346155337975 -0.45627639503389567 
0.6288260501083205 -0.2877418947182408 
0.21126539824469892 0.4683792992180027 
0.20544192039730896 0.512963392380895 
0.22738551748838853 0.36122392662819464 
0.05169761124559405 0.7273242731197214 
0.6305091707136778 -0.30999986721520134 
0.4244415758523764 0.053706538543634386 
5.282097346131082E-4 0.9773200122392918 
0.42963439188539393 -9.999888424876145E-5 
0.01400419588747065 0.8756991762793827 
0.43875437418785224 -0.07102914660874375 
0.20284360542672134 0.5315655365828131 
0.04894137581172475 0.7298638120803034 
0.841530633991959 -0.7292668569992873 
