8393677.0 1104.0 2.4887057441625092E7 
8221230.0 48.0 2.7569158071750525E7 
8213381.0 1293.0 2.5356519579502847E7 
8226741.0 46.0 2.758249410645861E7 
8250249.0 9.0 2.864446652903067E7 
8246980.0 13.0 2.7792873999545265E7 
8378076.0 31.0 2.6349003148223888E7 
8230575.0 41.0 2.7732165033421207E7 
8305605.0 5.0 2.6829380490890734E7 
8170306.0 617.0 2.714938471347498E7 
8239437.0 14.0 2.8154806828795202E7 
8178906.0 814.0 2.62903122831305E7 
8215987.0 11.0 2.847541373040006E7 
8251055.0 1.0 2.831314032207476E7 
8219371.0 51.0 2.5614123025677234E7 
8262377.0 3836.0 2.5182245417698752E7 
8173342.0 89.0 3.053939459921859E7 
8287235.0 1.0 2.751699244859571E7 
8264342.0 4.0 2.7212094289417386E7 
8279906.0 190.0 2.4959767384677935E7 
8299534.0 0.0 2.9375643194345903E7 
8198036.0 31.0 2.777150706114535E7 
8226059.0 4.0 2.9171636938883808E7 
8243841.0 1.0 3.113671054158503E7 
8220920.0 29.0 2.798275520442021E7 
8384440.0 0.0 2.8169823900365204E7 
8097744.0 121.0 2.7875604871936254E7 
8362212.0 7.0 2.6583861147832226E7 
8361795.0 1.0 2.7360701239555843E7 
8284309.0 3.0 2.696986377951357E7 
8260244.0 25.0 2.7080750774020456E7 
8256024.0 35.0 2.641702587356228E7 
8196134.0 93.0 2.89599747957624E7 
8185618.0 164.0 2.5457896704073388E7 
8178780.0 170.0 2.7560833759610288E7 
8185810.0 62.0 2.9233211526224446E7 
8184719.0 311.0 2.586142390427854E7 
8253146.0 26.0 2.7736183755784083E7 
8320139.0 157.0 2.5547526175957676E7 
