9.414589982E9 55.0 6.733909064011513E8 
9.404499736E9 0.0 7.131455239661734E8 
9.347313686E9 1588.0 6.897253717328498E8 
9.342920136E9 173.0 7.144251456568775E8 
9.428181536E9 3.0 6.978710757174891E8 
9.331155413E9 861.0 7.021600800317116E8 
9.357845072E9 19.0 6.965473301528974E8 
9.393566095E9 243.0 6.805074436081599E8 
9.37170115E9 338.0 6.876096724846425E8 
9.397382523E9 1.0 7.089025736969687E8 
9.37100124E9 523.0 6.78161272317811E8 
9.366836833E9 2.0 7.061101094433004E8 
9.358389809E9 17.0 7.08303683873478E8 
9.351816274E9 60.0 6.898788686795087E8 
9.348762598E9 126.0 6.985873150412213E8 
9.462149627E9 0.0 7.039222368930324E8 
9.359543085E9 889.0 6.876792750929276E8 
9.393629173E9 19.0 6.796002619426632E8 
9.35537723E9 55.0 7.333879877846003E8 
9.406572831E9 1.0 7.03264622944216E8 
9.350726434E9 248.0 6.936220742144439E8 
9.372448402E9 2264.0 6.752766495688648E8 
9.379426208E9 1.0 7.150692795563557E8 
9.315271139E9 175.0 7.236097898928447E8 
9.357306114E9 42.0 6.986874968677175E8 
9.393968009E9 674.0 6.728026839859886E8 
9.408338811E9 292.0 6.753110054643916E8 
9.337666704E9 236.0 6.948935120781918E8 
9.359598658E9 5.0 6.892764681558012E8 
9.369334492E9 39.0 6.881450822772357E8 
9.386180519E9 4.0 7.048238172519721E8 
9.401683537E9 4.0 7.014312570252104E8 
9.357299062E9 48.0 7.18854910077976E8 
9.376116205E9 502.0 6.815415440969656E8 
9.364228067E9 118.0 6.892657935229615E8 
9.387909363E9 274.0 6.848141374832128E8 
