8210418.0 1177.0 2.7592262653952412E7 
8257944.0 1723.0 2.626169639798197E7 
8232219.0 31.0 2.7430723168302637E7 
8360330.0 2.0 2.6692089500313487E7 
8181101.0 446.0 2.979486760416143E7 
8251330.0 264.0 2.7163726883343488E7 
8214998.0 1068.0 2.676680990582372E7 
8303529.0 7.0 2.817058339165907E7 
8319400.0 435.0 2.6276135256846365E7 
8263820.0 1477.0 2.4962196842038345E7 
8302625.0 30.0 2.691508512694404E7 
8330475.0 49.0 2.6802189118709337E7 
8333350.0 111.0 2.642439540385228E7 
8272466.0 1.0 2.909593669643474E7 
8158021.0 1757.0 2.986618887671632E7 
8283316.0 492.0 2.684046392789326E7 
8182693.0 1653.0 2.720850212918016E7 
8325011.0 466.0 2.598065267439604E7 
8210631.0 318.0 2.8258473285576977E7 
8254979.0 705.0 2.6819206109138947E7 
8215272.0 967.0 2.732827989510583E7 
8199116.0 505.0 2.90621342066921E7 
8259316.0 487.0 2.690185849967761E7 
8222872.0 6.0 3.0835067894876033E7 
8301963.0 73.0 2.6714424018332865E7 
8337805.0 90.0 2.6614716132984698E7 
8180141.0 522.0 2.9099525722009424E7 
8267556.0 70.0 2.6919122345991574E7 
8230053.0 5.0 2.837278084694777E7 
8199032.0 1189.0 2.841261962188515E7 
8282176.0 661.0 2.6831094536991216E7 
8230050.0 319.0 2.697922743903848E7 
8212754.0 24.0 2.9689426675658867E7 
8296600.0 615.0 2.5761762195096336E7 
