9.328548519E9 737.0 7.38104913743867E8 
9.376022609E9 12.0 7.023390990990276E8 
9.406371218E9 125.0 6.757092798491143E8 
9.356718638E9 56.0 6.909696997074956E8 
9.34848335E9 543.0 6.908788100314803E8 
9.356683215E9 94.0 6.976223338618902E8 
9.392789492E9 34.0 6.941899759709615E8 
9.334449255E9 244.0 7.298456500288072E8 
9.444546392E9 54.0 6.880625284730424E8 
9.353453295E9 25.0 7.003969645238907E8 
9.380845108E9 19.0 6.998368200253209E8 
9.37273233E9 39.0 6.898478276715776E8 
9.370575762E9 241.0 6.9046835699892E8 
9.329300499E9 1194.0 7.052346619367741E8 
9.328613544E9 18.0 7.348222503785282E8 
9.353176814E9 116.0 6.966962494588108E8 
9.398718592E9 18.0 6.896782519416103E8 
9.384209736E9 197.0 6.842426553760965E8 
9.39504728E9 93.0 6.840376511712576E8 
9.378809204E9 200.0 6.88159090365848E8 
9.407662147E9 66.0 6.883112652652436E8 
9.338443941E9 375.0 6.95901161272501E8 
9.388481205E9 145.0 6.851654893134196E8 
9.360746894E9 177.0 6.905019742582927E8 
9.369971856E9 245.0 6.873693401567298E8 
9.365903233E9 251.0 6.860429434253652E8 
9.371477035E9 12.0 7.081870598005613E8 
9.376317712E9 8.0 7.047773529609523E8 
9.380385636E9 8.0 7.029582091560874E8 
9.380500846E9 265.0 6.849363816977689E8 
9.334363488E9 365.0 7.140370860620624E8 
9.342145842E9 48.0 7.058526063027294E8 
9.374240103E9 19.0 7.046959770820315E8 
9.33561643E9 97.0 6.998897125932431E8 
9.394123097E9 162.0 6.791164646444302E8 
9.348526133E9 16.0 7.145195023651737E8 
9.380954862E9 0.0 6.942839861812254E8 
9.403140703E9 306.0 6.773341614467499E8 
9.37754163E9 5.0 7.118418644288901E8 
9.356085751E9 142.0 6.95634478589019E8 
9.360204019E9 0.0 7.119259257126367E8 
9.372729625E9 28.0 6.989516660030158E8 
9.352447858E9 366.0 6.770690061689527E8 
9.417213234E9 114.0 6.836648334917107E8 
9.358791494E9 53.0 6.9357387854581E8 
