32690.0 4.0 348773.0141937308 
31701.0 25.0 305139.380092233 
33366.0 20.0 302941.0051924879 
30435.0 1425.0 295870.6229966682 
31835.0 10.0 368350.97513300914 
34375.0 28.0 279530.23584925116 
33058.0 6.0 307666.7757108053 
34167.0 140.0 258188.18763885635 
31900.0 724.0 232720.4621407293 
32433.0 593.0 262589.57083966694 
33115.0 585.0 256866.7493808394 
31659.0 2957.0 244905.7210115423 
31546.0 11.0 333733.4659462217 
33523.0 167.0 248937.87006192392 
34354.0 12.0 281080.17270697886 
32751.0 142.0 264228.85493591434 
30702.0 209.0 441399.44964457647 
31357.0 8.0 381278.7589019529 
29773.0 577.0 305254.43128649885 
32905.0 87.0 259829.63738054066 
34343.0 14.0 280021.4795537504 
32000.0 24.0 295909.15417622315 
31386.0 42.0 341118.8028930108 
31486.0 6.0 453430.33065601817 
31878.0 40.0 271064.3914162295 
31335.0 262.0 280565.9772251853 
31136.0 2957.0 273558.5214316653 
31866.0 1251.0 251234.1543586579 
30803.0 502.0 322789.28747638036 
32835.0 11.0 311631.80218768265 
32990.0 15.0 308956.6478342191 
33921.0 1866.0 218469.6466738174 
33577.0 14.0 293191.5948545011 
32492.0 700.0 257400.2362849235 
33049.0 10.0 306260.1811221159 
30395.0 252.0 326426.2266415182 
31734.0 1921.0 257922.07084521645 
31097.0 27.0 519916.069725521 
33133.0 86.0 259111.89967873157 
34481.0 37.0 273931.48222385807 
32611.0 25.0 286772.80157547956 
33284.0 402.0 256882.96664791997 
31782.0 3.0 390835.9727068586 
30855.0 208.0 379271.1527777432 
33298.0 201.0 253492.83134805254 
32789.0 18.0 323444.8003536098 
31476.0 2.0 519769.30142287235 
30985.0 146.0 372802.23397481797 
34158.0 4.0 290897.6127617881 
31047.0 231.0 294020.72042574437 
31232.0 2402.0 276338.1056117084 
32557.0 15.0 331510.106000669 
30510.0 68.0 451586.4054376601 
32165.0 608.0 258383.31612730137 
31384.0 64.0 368159.33130217914 
30837.0 68.0 438064.7460138464 
31156.0 127.0 428975.3707935055 
30678.0 1631.0 287189.67453409685 
31524.0 246.0 262635.0411721512 
