30959.0 58.0 370746.51655598124 
30401.0 2682.0 243912.62270453433 
30758.0 214.0 446925.9293167937 
30945.0 266.0 397440.66480451945 
31182.0 46.0 382627.24665571644 
31304.0 10.0 557891.9277994786 
32647.0 0.0 467731.2207981685 
31709.0 18.0 480034.81380736746 
31834.0 1312.0 229192.30890482623 
30469.0 1676.0 321024.663359785 
31709.0 22.0 397120.7543130978 
31270.0 49.0 327413.41578012763 
30817.0 1375.0 265963.00908126653 
32961.0 0.0 355790.4257144664 
31479.0 961.0 277692.37974151317 
32777.0 6.0 271648.77319515136 
32660.0 1.0 384117.1926177866 
33059.0 5.0 304939.649052421 
31818.0 0.0 557515.0480604507 
31317.0 29.0 416108.26214749645 
32730.0 0.0 442503.07934958796 
32123.0 53.0 288860.79829665326 
32451.0 3.0 361598.35098323197 
34003.0 31.0 259517.30193374737 
30257.0 1565.0 353889.9841476104 
32801.0 535.0 244168.911736766 
32478.0 0.0 554037.1680454332 
32479.0 697.0 255328.08526491054 
30973.0 294.0 331804.9014793843 
30974.0 417.0 295376.7172459254 
31926.0 1042.0 274661.5765144929 
30938.0 727.0 325917.33924404514 
30907.0 175.0 464819.1362289553 
31692.0 42.0 383916.2873532602 
31471.0 172.0 278340.82985550346 
32148.0 1.0 427007.2944078845 
32129.0 49.0 287968.2324895299 
33188.0 1.0 344068.7895024653 
31654.0 74.0 319970.232126108 
34032.0 29.0 260363.5050179346 
33304.0 2.0 276485.73872904986 
33526.0 284.0 250181.047701433 
33864.0 642.0 229382.7012036368 
32059.0 3.0 459944.78586305404 
32468.0 2.0 305578.2517008245 
33394.0 375.0 243422.26088988408 
31917.0 9.0 303107.47154501185 
31208.0 948.0 285601.40675453807 
31927.0 238.0 259041.4867431426 
31583.0 14.0 503551.57693658315 
33736.0 0.0 296294.0910242879 
31237.0 116.0 349809.7366081785 
32449.0 32.0 294772.17779074056 
31378.0 253.0 316505.93319850037 
32570.0 1.0 420245.1790743908 
31369.0 452.0 292276.7958412272 
31721.0 10.0 349354.5187077485 
32103.0 3.0 370335.0956253684 
31943.0 130.0 282863.47970102116 
31839.0 8.0 447768.21794962394 
31647.0 116.0 326658.9296406205 
32779.0 0.0 374432.50208588276 
31599.0 19.0 407224.67867921 
32658.0 1.0 403515.33467267576 
33855.0 2931.0 206290.19437041692 
31288.0 19.0 505922.7434194699 
32845.0 658.0 241921.84952006995 
31967.0 6.0 470477.1407940981 
31064.0 69.0 366381.1837534171 
30402.0 397.0 330253.61539701384 
