9.363101679E9 25.0 7.223130415038556E8 
9.360567461E9 1854.0 6.883947808036346E8 
9.347440001E9 150.0 7.234731474729271E8 
9.365046228E9 549.0 6.992602516353405E8 
9.384493294E9 1242.0 6.87280118084681E8 
9.40636596E9 0.0 7.229305134078526E8 
9.352761363E9 81.0 7.032972283162189E8 
9.38595268E9 211.0 6.869799353189155E8 
9.369844343E9 4.0 6.978594756193335E8 
9.449670628E9 2.0 7.009087715601902E8 
9.36660697E9 49.0 6.913594269859269E8 
9.369299391E9 13.0 7.02959244123487E8 
9.418274468E9 2954.0 6.860410233380176E8 
9.356014676E9 53.0 7.215244967934831E8 
9.367637274E9 22.0 7.139233420002555E8 
9.380802873E9 1.0 7.248018462748332E8 
9.387121246E9 1716.0 6.863336062494715E8 
9.377192144E9 313.0 6.893894745421325E8 
9.340702789E9 2260.0 7.063386566440177E8 
