8180030.0 40.0 2.7181104375920914E7 
8130895.0 301.0 2.773668880791785E7 
8234082.0 0.0 2.8092841565952495E7 
8135919.0 93.0 2.6179463990526248E7 
8172765.0 83.0 2.68999002026167E7 
8207130.0 6.0 2.496977045102566E7 
8174444.0 2290.0 2.6001808158308495E7 
8240657.0 2.0 2.7639106641602583E7 
8263833.0 1.0 2.691172027832422E7 
8159453.0 6.0 2.7756812819557577E7 
8096624.0 102.0 3.0058713087744758E7 
8275308.0 26.0 2.448976171429942E7 
8189563.0 19.0 2.7328695573569402E7 
8219394.0 0.0 2.9395554961114347E7 
8199787.0 26.0 2.6563727387487613E7 
8190914.0 39.0 2.6221206580674127E7 
8305433.0 0.0 2.6790277743488647E7 
8119843.0 83.0 2.8225477017440047E7 
8112515.0 641.0 2.7511105199261505E7 
8210861.0 3.0 2.7234626073909264E7 
8203463.0 71.0 2.5993971468478918E7 
8308047.0 1.0 2.6635664842237227E7 
8321631.0 8.0 2.49149202410405E7 
8121806.0 150.0 2.812165023179399E7 
8156629.0 25.0 2.735935468549578E7 
8270698.0 120.0 2.489903610252941E7 
8244145.0 824.0 2.4628768034519516E7 
8280170.0 2023.0 2.434668309302219E7 
8318361.0 1.0 2.6210204154625136E7 
8131298.0 1083.0 2.6561908364403803E7 
8110719.0 1.0 2.8248878807197373E7 
8223905.0 2.0 2.8026266649706423E7 
8169492.0 2308.0 2.57004173851254E7 
8134749.0 542.0 2.7398368377535284E7 
8110331.0 1497.0 2.6596019575921103E7 
8282486.0 0.0 2.6809476819255024E7 
8251471.0 0.0 2.779952814074788E7 
8178642.0 74.0 2.4992779082930185E7 
8225146.0 2180.0 2.409496748547144E7 
8202601.0 492.0 2.4856865531475484E7 
8253395.0 1.0 2.7062102200968385E7 
8245737.0 2.0 2.5897221357234806E7 
8201090.0 2379.0 2.4970007376658477E7 
8294070.0 3.0 2.559416340584993E7 
