8166872.0 13.0 2.782105240371349E7 
8222232.0 1378.0 2.5220663510370463E7 
8234138.0 1420.0 2.507932712218962E7 
8245362.0 9.0 2.6364922884838462E7 
8119543.0 205.0 2.797307735591543E7 
8123714.0 204.0 2.8076382311627172E7 
8149541.0 375.0 2.55736216536583E7 
8289861.0 0.0 2.6350440802801628E7 
8346776.0 25.0 2.505200778324993E7 
8178242.0 13.0 2.566678731685584E7 
8113805.0 2410.0 2.8672580225207265E7 
8290513.0 752.0 2.494368917662888E7 
8241894.0 422.0 2.495418700678427E7 
8254318.0 44.0 2.5008856864158634E7 
8242592.0 324.0 2.5170543355602648E7 
8276379.0 7.0 2.5555667505725153E7 
8266954.0 5.0 2.6411770378065746E7 
8117282.0 341.0 2.790951838469513E7 
8124424.0 33.0 2.8634700971810427E7 
8275677.0 890.0 2.444144085592431E7 
8148260.0 529.0 2.7888270611054923E7 
8156680.0 358.0 2.7184775722441383E7 
8221211.0 67.0 2.556186834163375E7 
8149469.0 82.0 2.7944387114308644E7 
8140585.0 1072.0 2.636820483614746E7 
8313313.0 480.0 2.4678564017738838E7 
8157802.0 494.0 2.522193542183857E7 
8159321.0 139.0 2.747377515830481E7 
8252285.0 1255.0 2.434712921592359E7 
8151818.0 113.0 2.7771442419674322E7 
8265087.0 1119.0 2.470147189613865E7 
8214041.0 112.0 2.540837386424635E7 
8123626.0 911.0 2.7433750691172034E7 
8320871.0 331.0 2.4635291803220876E7 
8160298.0 65.0 2.799702771572365E7 
8234978.0 423.0 2.5220680917970244E7 
8291815.0 0.0 2.5335563669015445E7 
8148664.0 91.0 2.80088410845869E7 
8253050.0 178.0 2.5027851298290115E7 
8236813.0 2931.0 2.4990281453994863E7 
8140480.0 2606.0 2.7192761973599754E7 
8162165.0 47.0 2.5600607260567483E7 
8142018.0 2646.0 2.5973826104304466E7 
8115132.0 53.0 2.834957062812224E7 
8175495.0 6.0 2.9287967893328518E7 
8073542.0 203.0 2.9582204169776652E7 
8240319.0 1087.0 2.5177131421764173E7 
8182738.0 0.0 2.647541757361564E7 
8294495.0 488.0 2.4603993786765605E7 
