32520.0 97.0 352287.82913484634 
34470.0 4.0 427935.8846330113 
33040.0 269.0 308478.8371264679 
32784.0 92.0 335870.89999153704 
33481.0 839.0 295245.73630243127 
33815.0 256.0 301859.22511880146 
33957.0 2711.0 283010.35945451865 
32291.0 2891.0 264672.00916031987 
33752.0 250.0 314738.3073658114 
31468.0 960.0 385719.05760203284 
33855.0 1.0 447382.5565921572 
32627.0 304.0 344178.3923789251 
32253.0 581.0 309291.0505325223 
35043.0 825.0 282169.1079674157 
32643.0 135.0 332740.0130941974 
33223.0 11.0 351806.9054310417 
34158.0 76.0 287214.36217664066 
32515.0 24.0 400034.4770277999 
33651.0 575.0 305384.2579130816 
31878.0 28.0 429301.77998811996 
31586.0 76.0 362846.64678226644 
32563.0 202.0 351627.10437417036 
33204.0 0.0 455470.7627622095 
33819.0 406.0 285678.726718658 
32037.0 8.0 451462.64037410484 
34131.0 2.0 442001.3104644304 
32962.0 989.0 289423.8293877165 
33587.0 9.0 416364.3706957945 
31561.0 326.0 341507.9535839429 
32818.0 37.0 326530.87027211074 
31792.0 1032.0 296634.75539126113 
32365.0 40.0 418992.51410114265 
