30817.0 33.0 375935.22332378424 
31433.0 721.0 286616.91993791546 
30667.0 56.0 454663.50694763067 
31142.0 3.0 390015.2458514089 
33063.0 0.0 355240.0412503856 
31420.0 87.0 304397.4961756031 
33200.0 5.0 304607.8521892767 
31461.0 1345.0 253832.39381423529 
30724.0 1176.0 288385.24964712735 
31345.0 3489.0 239588.35070763895 
30961.0 13.0 542195.3117134129 
30654.0 162.0 350742.1010374654 
33560.0 2.0 283879.41039783513 
30694.0 2640.0 309369.9053684704 
32727.0 0.0 456658.26812330686 
30702.0 1010.0 322631.24079260795 
33378.0 2120.0 218981.65517164543 
32936.0 0.0 388087.20259520627 
34198.0 669.0 232016.18048462964 
32236.0 0.0 467268.58896362595 
31522.0 24.0 312973.0269965843 
32449.0 1.0 379291.2762614582 
30923.0 36.0 362558.719214632 
32578.0 1.0 308934.6106359857 
30780.0 21.0 495085.35918040515 
32080.0 30.0 257245.94803384872 
32512.0 6.0 310407.3177069068 
32359.0 164.0 242047.98693748086 
32385.0 26.0 303555.3322102438 
33239.0 9.0 290463.79122008244 
30711.0 66.0 308273.26773013273 
33452.0 5.0 299418.94947002095 
30450.0 1033.0 433809.7682592904 
31383.0 195.0 302170.70712298335 
32848.0 0.0 440473.34263399104 
32994.0 3375.0 237031.5284013768 
32053.0 1.0 643403.5020179702 
32007.0 489.0 273138.77664123266 
31479.0 682.0 298023.29473933036 
32575.0 1.0 379128.6359307089 
32088.0 3.0 316645.29891018575 
30559.0 1579.0 348814.4428557164 
31110.0 928.0 298716.40183348325 
33079.0 16.0 294305.70689011953 
33068.0 21.0 299206.9385964498 
31344.0 2427.0 255162.76845477102 
33304.0 15.0 283480.65565806424 
30612.0 837.0 380042.24858153815 
32521.0 27.0 299590.73303122225 
31613.0 1012.0 247469.92221721273 
31797.0 248.0 284204.82936983526 
30150.0 348.0 510058.71830231266 
31436.0 2.0 390029.8332272387 
32060.0 15.0 305135.34618458356 
30773.0 37.0 534755.2413592718 
31167.0 931.0 281907.99669672013 
31862.0 921.0 278874.5988072444 
32132.0 1348.0 245649.21005427733 
30151.0 209.0 496415.6952865713 
33796.0 0.0 349776.6718605652 
