32913.0 14.0 309842.685264755 
32043.0 51.0 330920.7263738401 
33662.0 2947.0 242918.89208613156 
33660.0 2.0 412680.5327551793 
32031.0 79.0 350931.912965792 
33133.0 1.0 826951.9749130502 
30809.0 1412.0 357015.517841352 
30466.0 214.0 371462.44356018596 
30990.0 124.0 495871.7151212387 
31542.0 84.0 469028.4234554246 
32152.0 178.0 304075.336347067 
33194.0 7.0 313742.72968271753 
31343.0 473.0 303084.04864719993 
31262.0 2706.0 269389.1792801095 
32710.0 17.0 407265.2005271238 
32914.0 173.0 293218.6516212466 
31594.0 320.0 287179.97069370386 
33249.0 5.0 402945.9026129169 
31286.0 52.0 533926.4336256902 
31472.0 773.0 300973.00213994103 
31538.0 246.0 334593.2495902163 
33359.0 1.0 428169.5490693584 
33427.0 5.0 391557.9702218137 
32406.0 35.0 395721.3615426112 
35314.0 0.0 424441.3405389037 
32067.0 4.0 529871.2904857028 
32947.0 550.0 251123.93243298202 
32268.0 268.0 303726.7870138587 
32797.0 2.0 559537.7315864873 
31781.0 151.0 359460.7347431776 
32790.0 5.0 411552.73914149497 
31731.0 307.0 253654.9999691347 
34910.0 176.0 274099.0989309135 
33855.0 1.0 329888.0990206425 
33977.0 581.0 250558.80120959808 
34026.0 0.0 469245.02961742546 
31899.0 145.0 334542.24330048513 
34281.0 69.0 305507.81837524823 
31353.0 2557.0 273235.54508964537 
35290.0 53.0 305788.9773764544 
33856.0 0.0 538673.1879262147 
31970.0 33.0 402386.8977383366 
32444.0 21.0 344861.954778353 
31119.0 425.0 317901.51176656544 
33521.0 102.0 278700.73331818363 
32055.0 151.0 320772.8987156118 
33215.0 6.0 397758.512591019 
34941.0 179.0 271679.0418463569 
33352.0 4.0 477113.7683491829 
31237.0 176.0 431760.5028128189 
31563.0 166.0 394297.0604632289 
31915.0 6.0 436737.47847258643 
