9.346304862E9 50.0 7.327886321646891E8 
9.356470409E9 18.0 7.288199083029629E8 
9.353277387E9 130.0 7.072715362685915E8 
9.423246587E9 1.0 6.993131992700536E8 
9.366182504E9 0.0 7.201263087517341E8 
9.346372947E9 160.0 7.06629633502632E8 
9.35724346E9 11.0 7.044887339357034E8 
9.411594355E9 4.0 6.993525429074807E8 
9.3902846E9 62.0 6.87807242501792E8 
9.406108773E9 10.0 6.981542052635272E8 
9.352464698E9 182.0 7.012462437959623E8 
9.356565834E9 810.0 6.857876039188234E8 
9.357994827E9 588.0 6.850815609662137E8 
9.393590492E9 190.0 6.814567108936788E8 
9.381228496E9 13.0 6.993018990786483E8 
9.394411554E9 23.0 6.900740357155397E8 
9.405404169E9 25.0 6.87843811318844E8 
9.385060562E9 281.0 6.84580541117808E8 
9.356451617E9 21.0 7.19006741051486E8 
9.334968468E9 2540.0 7.086372829728868E8 
9.384365516E9 0.0 7.079693705708328E8 
9.373876865E9 1.0 7.023636581704575E8 
9.40762402E9 1.0 7.002377092733763E8 
9.393250643E9 45.0 6.884524469004248E8 
9.391975555E9 345.0 6.824806344345839E8 
9.364857656E9 492.0 6.846379251681157E8 
9.363915784E9 44.0 7.032524388459758E8 
9.339400394E9 198.0 6.955831157365675E8 
9.39904176E9 67.0 6.85909356589707E8 
9.336706213E9 399.0 6.978434821013888E8 
9.352972084E9 51.0 7.197929933429545E8 
9.362979955E9 685.0 6.744962984732945E8 
9.364732796E9 19.0 6.926803793019797E8 
9.33907029E9 644.0 6.95607505471205E8 
9.385425523E9 194.0 6.888977431678866E8 
9.351317203E9 138.0 7.225669191766522E8 
9.37207955E9 10.0 7.137640999004477E8 
9.408501719E9 141.0 6.855298243606994E8 
9.412398574E9 145.0 6.840943571534679E8 
9.35163125E9 75.0 7.212276339501053E8 
9.39488593E9 12.0 6.901824182233043E8 
9.369687079E9 299.0 6.859498916991062E8 
9.370014887E9 4.0 7.16395621774978E8 
9.370885994E9 360.0 6.817022034097811E8 
9.364659507E9 109.0 7.01668155539877E8 
