8232151.0 12.0 2.6719552952265583E7 
8289658.0 198.0 2.428842871496891E7 
8305180.0 7.0 2.554310173402397E7 
8139193.0 552.0 2.4670481400412273E7 
8288327.0 9.0 2.620688865111141E7 
8214635.0 22.0 2.5783136574955862E7 
8332589.0 9.0 2.5141013947221953E7 
8187831.0 6.0 2.7179682416404936E7 
8265808.0 19.0 2.6130558724797994E7 
8224278.0 14.0 2.6432269827716503E7 
8266438.0 532.0 2.4476653777615998E7 
8138699.0 49.0 2.823580437300857E7 
8181672.0 42.0 2.715968240226215E7 
8164721.0 426.0 2.5626075403843828E7 
8320896.0 552.0 2.378079173115283E7 
8271248.0 18.0 2.6107680556537937E7 
8145954.0 74.0 2.7175302715530623E7 
8289889.0 25.0 2.553973604619022E7 
8202538.0 154.0 2.46497617853748E7 
8137538.0 363.0 2.757428256982575E7 
8192027.0 30.0 2.620099175381797E7 
8170875.0 70.0 2.6570781385175258E7 
8200963.0 127.0 2.5180387008629102E7 
8277289.0 57.0 2.4579996761232287E7 
8234199.0 10.0 2.668580130240199E7 
8291657.0 52.0 2.487683504094376E7 
8300511.0 8.0 2.5814320844277613E7 
8198460.0 0.0 2.7455485473356318E7 
8216128.0 9.0 2.696868235664549E7 
8170563.0 21.0 2.7437320947432395E7 
8255750.0 4.0 2.66856520656004E7 
8198661.0 15.0 2.6585950049553707E7 
8127229.0 377.0 2.6288362160257075E7 
8173349.0 13.0 2.9829114095546585E7 
8293154.0 10.0 2.5923304863110315E7 
8184637.0 158.0 2.6467465185348976E7 
8191319.0 208.0 2.6268561589984354E7 
8192845.0 2201.0 2.4334480093560256E7 
8026264.0 177.0 2.7624948391271275E7 
8186102.0 0.0 2.814096128138336E7 
8251491.0 10.0 2.64058833535684E7 
8230145.0 68.0 2.5034539198509395E7 
8228956.0 1469.0 2.460070384730668E7 
8292009.0 2866.0 2.426872429666272E7 
8267544.0 10.0 2.6134792985168558E7 
8192164.0 108.0 2.6126587311264187E7 
8303881.0 14.0 2.5351955082798865E7 
