a280_n279_bounded-strongly-corr_01.ttp: 765.0 25171.0 36371.0 2613 3940.0965445458614 14267.058385097716 452
a280_n279_bounded-strongly-corr_01.ttp: 324.0 25612.0 36112.0 2613 3937.573863931207 14022.210623345927 275
a280_n279_bounded-strongly-corr_01.ttp: 416.0 25520.0 36320.0 2613 3809.6663889289994 14947.771558108314 265
a280_n279_bounded-strongly-corr_01.ttp: 589.0 25347.0 36547.0 2613 3948.2624696752264 14397.24754512198 265
a280_n279_bounded-strongly-corr_01.ttp: 560.0 25376.0 36276.0 2613 3862.00923761691 14610.128176969134 288
a280_n279_bounded-strongly-corr_01.ttp: 337.0 25599.0 36299.0 2613 3829.753746355124 14814.081482947753 270
a280_n279_bounded-strongly-corr_01.ttp: 376.0 25560.0 35060.0 2613 4067.233218926093 12242.82164182462 257
a280_n279_bounded-strongly-corr_01.ttp: 301.0 25635.0 36335.0 2613 3847.6433412659953 14749.720855497766 298
a280_n279_bounded-strongly-corr_01.ttp: 348.0 25588.0 36188.0 2613 3955.3639412388097 13998.408289650277 268
a280_n279_bounded-strongly-corr_01.ttp: 376.0 25560.0 36060.0 2613 3843.9072248953453 14495.680468337112 255
a280_n279_bounded-strongly-corr_01.ttp: 516.0 25420.0 36420.0 2613 3932.8284688118733 14356.83228996539 280
a280_n279_bounded-strongly-corr_01.ttp: 215.0 25721.0 36221.0 2613 3779.865930770267 15015.952128378802 249
a280_n279_bounded-strongly-corr_01.ttp: 394.0 25542.0 36042.0 2613 3852.2787563403367 14430.71617693071 238
a280_n279_bounded-strongly-corr_01.ttp: 311.0 25625.0 36225.0 2613 3864.5797070179756 14544.707843629156 234
a280_n279_bounded-strongly-corr_01.ttp: 393.0 25543.0 36443.0 2613 3930.5763391401383 14392.466737423823 265
a280_n279_bounded-strongly-corr_01.ttp: 460.0 25476.0 36676.0 2613 3907.8777456152984 14752.805847098174 289
a280_n279_bounded-strongly-corr_01.ttp: 511.0 25425.0 36425.0 2613 3826.254687575613 14959.711202700812 247
a280_n279_bounded-strongly-corr_01.ttp: 437.0 25499.0 35999.0 2613 3881.5307222829215 14223.61264799281 258
a280_n279_bounded-strongly-corr_01.ttp: 527.0 25409.0 36409.0 2613 3835.6405317161966 14891.056617072136 266
a280_n279_bounded-strongly-corr_01.ttp: 335.0 25601.0 36301.0 2613 3871.312197705634 14582.938570871393 261
Batch run took 5.0 seconds, averaging 0.25 seconds, and a score of 14434.796454448186 per run.

a280_n1395_uncorr-similar-weights_05.ttp: 99576.0 537434.0 409071.0 2613 4191.269176055762 104365.73090074613 1011
a280_n1395_uncorr-similar-weights_05.ttp: 99572.0 537438.0 409114.0 2613 4191.9061664430255 104362.42169959203 911
a280_n1395_uncorr-similar-weights_05.ttp: 99572.0 537438.0 409170.0 2613 4192.668262535368 104363.01731367875 800
a280_n1395_uncorr-similar-weights_05.ttp: 99576.0 537434.0 409071.0 2613 4191.269176055762 104365.73090074613 785
a280_n1395_uncorr-similar-weights_05.ttp: 99569.0 537441.0 409135.0 2613 4192.18696795558 104363.00742962933 1058
a280_n1395_uncorr-similar-weights_05.ttp: 99576.0 537434.0 409071.0 2613 4191.269176055762 104365.73090074613 859
a280_n1395_uncorr-similar-weights_05.ttp: 99575.0 537435.0 409204.0 2613 4193.13686157189 104362.95016372355 773
a280_n1395_uncorr-similar-weights_05.ttp: 99576.0 537434.0 409228.0 2613 4193.467057595148 104362.94491283275 1031
a280_n1395_uncorr-similar-weights_05.ttp: 99576.0 537434.0 409071.0 2613 4191.269176055762 104365.73090074613 879
a280_n1395_uncorr-similar-weights_05.ttp: 99569.0 537441.0 409135.0 2613 4192.18696795558 104363.00742962933 906
a280_n1395_uncorr-similar-weights_05.ttp: 99572.0 537438.0 409114.0 2613 4191.9061664430255 104362.42169959203 857
a280_n1395_uncorr-similar-weights_05.ttp: 99576.0 537434.0 409071.0 2613 4191.269176055762 104365.73090074613 764
a280_n1395_uncorr-similar-weights_05.ttp: 99576.0 537434.0 409071.0 2613 4191.269176055762 104365.73090074613 757
a280_n1395_uncorr-similar-weights_05.ttp: 99572.0 537438.0 409114.0 2613 4191.9061664430255 104362.42169959203 742
a280_n1395_uncorr-similar-weights_05.ttp: 99572.0 537438.0 409170.0 2613 4192.668262535368 104363.01731367875 872
a280_n1395_uncorr-similar-weights_05.ttp: 99576.0 537434.0 409071.0 2613 4191.269176055762 104365.73090074613 837
a280_n1395_uncorr-similar-weights_05.ttp: 99576.0 537434.0 409071.0 2613 4191.269176055762 104365.73090074613 818
a280_n1395_uncorr-similar-weights_05.ttp: 99576.0 537434.0 409228.0 2613 4193.467057595148 104362.94491283275 866
a280_n1395_uncorr-similar-weights_05.ttp: 99576.0 537434.0 409071.0 2613 4191.269176055762 104365.73090074613 901
a280_n1395_uncorr-similar-weights_05.ttp: 99572.0 537438.0 409170.0 2613 4192.668262535368 104363.01731367875 771
Batch run took 17.0 seconds, averaging 0.85 seconds, and a score of 104364.13749975873 per run.

a280_n2790_uncorr_10.ttp: 421090.0 840932.0 1204094.0 2613 3799.833167575917 411714.78956539405 2579
a280_n2790_uncorr_10.ttp: 421090.0 840932.0 1204094.0 2613 3799.833167575917 411714.78956539405 2270
a280_n2790_uncorr_10.ttp: 421090.0 840932.0 1204094.0 2613 3799.833167575917 411714.78956539405 2374
a280_n2790_uncorr_10.ttp: 421090.0 840932.0 1204094.0 2613 3799.833167575917 411714.78956539405 2810
a280_n2790_uncorr_10.ttp: 421090.0 840932.0 1204094.0 2613 3799.833167575917 411714.78956539405 2413
a280_n2790_uncorr_10.ttp: 421090.0 840932.0 1204094.0 2613 3799.833167575917 411714.78956539405 2175
a280_n2790_uncorr_10.ttp: 421090.0 840932.0 1204094.0 2613 3799.833167575917 411714.78956539405 2342
a280_n2790_uncorr_10.ttp: 421090.0 840932.0 1204094.0 2613 3799.833167575917 411714.78956539405 2328
a280_n2790_uncorr_10.ttp: 421090.0 840932.0 1204094.0 2613 3799.833167575917 411714.78956539405 3082
a280_n2790_uncorr_10.ttp: 421090.0 840932.0 1204094.0 2613 3799.833167575917 411714.78956539405 2232
a280_n2790_uncorr_10.ttp: 421090.0 840932.0 1204094.0 2613 3799.833167575917 411714.78956539405 2080
a280_n2790_uncorr_10.ttp: 421090.0 840932.0 1204094.0 2613 3799.833167575917 411714.78956539405 2286
a280_n2790_uncorr_10.ttp: 421090.0 840932.0 1204094.0 2613 3799.833167575917 411714.78956539405 1999
a280_n2790_uncorr_10.ttp: 421090.0 840932.0 1204094.0 2613 3799.833167575917 411714.78956539405 2239
a280_n2790_uncorr_10.ttp: 421090.0 840932.0 1204094.0 2613 3799.833167575917 411714.78956539405 2179
a280_n2790_uncorr_10.ttp: 421090.0 840932.0 1204094.0 2613 3799.833167575917 411714.78956539405 2598
a280_n2790_uncorr_10.ttp: 421090.0 840932.0 1204094.0 2613 3799.833167575917 411714.78956539405 2142
a280_n2790_uncorr_10.ttp: 421090.0 840932.0 1204094.0 2613 3799.833167575917 411714.78956539405 2071
a280_n2790_uncorr_10.ttp: 421090.0 840932.0 1204094.0 2613 3799.833167575917 411714.78956539405 2503
a280_n2790_uncorr_10.ttp: 421090.0 840932.0 1204094.0 2613 3799.833167575917 411714.78956539405 2154
Batch run took 47.0 seconds, averaging 2.35 seconds, and a score of 411714.78956539393 per run.

