fnl4461_n4460_bounded-strongly-corr_01.ttp: 2.0 387148.0 550748.0 185707 253025.64036098847 196512.10349461617 10704
fnl4461_n4460_bounded-strongly-corr_01.ttp: 1.0 387149.0 551149.0 185707 252530.06079100972 197606.9148925864 9257
fnl4461_n4460_bounded-strongly-corr_01.ttp: 4.0 387146.0 561846.0 185707 253420.1693755136 207057.76287428098 14043
fnl4461_n4460_bounded-strongly-corr_01.ttp: 14.0 387136.0 546036.0 185707 251177.02292102412 194388.16791056626 11758
fnl4461_n4460_bounded-strongly-corr_01.ttp: 1.0 387149.0 556349.0 185707 251451.75230142934 204316.54677799897 10234
fnl4461_n4460_bounded-strongly-corr_01.ttp: 2.0 387148.0 555948.0 185707 252354.8050725248 202651.27289846534 13049
fnl4461_n4460_bounded-strongly-corr_01.ttp: 3.0 387147.0 552847.0 185707 255564.9827552897 195056.02414259443 9822
fnl4461_n4460_bounded-strongly-corr_01.ttp: 5.0 387145.0 561645.0 185707 255331.14989882373 204181.39014164679 11978
fnl4461_n4460_bounded-strongly-corr_01.ttp: 23.0 387127.0 562927.0 185707 255109.48034966062 205773.72751047515 9701
fnl4461_n4460_bounded-strongly-corr_01.ttp: 0.0 387150.0 558350.0 185707 253961.00611088224 202804.59144476487 10561
fnl4461_n4460_bounded-strongly-corr_01.ttp: 2.0 387148.0 553148.0 185707 253345.6018299952 198464.15743800672 12210
fnl4461_n4460_bounded-strongly-corr_01.ttp: 7.0 387143.0 550243.0 185707 252849.00856498457 196254.38800902164 9828
fnl4461_n4460_bounded-strongly-corr_01.ttp: 8.0 387142.0 558742.0 185707 253071.58411396886 204441.78224044363 10958
fnl4461_n4460_bounded-strongly-corr_01.ttp: 0.0 387150.0 543650.0 185707 253446.28473213775 188825.20137500716 11876
fnl4461_n4460_bounded-strongly-corr_01.ttp: 2.0 387148.0 557148.0 185707 251073.60340809514 205644.95522866683 9668
fnl4461_n4460_bounded-strongly-corr_01.ttp: 17.0 387133.0 556333.0 185707 253186.5811727573 201871.78635813983 13473
fnl4461_n4460_bounded-strongly-corr_01.ttp: 19.0 387131.0 560931.0 185707 253726.05186236883 205714.52739268367 14428
fnl4461_n4460_bounded-strongly-corr_01.ttp: 15.0 387135.0 559635.0 185707 254173.7010213467 203791.8185701146 8810
fnl4461_n4460_bounded-strongly-corr_01.ttp: 4.0 387146.0 553146.0 185707 250420.71521225246 202556.99870284658 10589
fnl4461_n4460_bounded-strongly-corr_01.ttp: 8.0 387142.0 564842.0 185707 255675.040550924 206896.94322870643 11304
Batch run took 230.0 seconds, averaging 11.5 seconds, and a score of 201240.55303158163 per run.

fnl4461_n22300_uncorr-similar-weights_05.ttp: 1435832.0 8746223.0 6548945.0 185707 293741.9044534538 1478959.729133387 182326
fnl4461_n22300_uncorr-similar-weights_05.ttp: 1435843.0 8746212.0 6548608.0 185707 293731.54312793794 1478801.5656117909 175412
fnl4461_n22300_uncorr-similar-weights_05.ttp: 1435834.0 8746221.0 6548716.0 185707 293733.68704292993 1478872.5616390286 158864
fnl4461_n22300_uncorr-similar-weights_05.ttp: 1436845.0 8745210.0 6548570.0 185707 293724.37037757743 1478887.3672830127 155435
fnl4461_n22300_uncorr-similar-weights_05.ttp: 1435843.0 8746212.0 6547521.0 185707 293733.56758957874 1477679.6234038705 149671
fnl4461_n22300_uncorr-similar-weights_05.ttp: 1436843.0 8745212.0 6547515.0 185707 293736.3908531744 1477624.8938742094 142256
fnl4461_n22300_uncorr-similar-weights_05.ttp: 1436837.0 8745218.0 6548167.0 185707 293712.7346601377 1478685.199766023 178395
fnl4461_n22300_uncorr-similar-weights_05.ttp: 1435837.0 8746218.0 6548546.0 185707 293723.00353217433 1478886.9590346701 154401
fnl4461_n22300_uncorr-similar-weights_05.ttp: 1436842.0 8745213.0 6548338.0 185707 293706.582799095 1478962.3808876192 186297
fnl4461_n22300_uncorr-similar-weights_05.ttp: 1435830.0 8746225.0 6549333.0 185707 293764.2929781268 1478961.303197531 157727
fnl4461_n22300_uncorr-similar-weights_05.ttp: 1436849.0 8745206.0 6548273.0 185707 293702.81874725834 1478962.3484223206 169588
fnl4461_n22300_uncorr-similar-weights_05.ttp: 1435827.0 8746228.0 6548009.0 185707 293710.1488741201 1478571.830432687 160084
fnl4461_n22300_uncorr-similar-weights_05.ttp: 1435842.0 8746213.0 6548881.0 185707 293738.0370046326 1478962.481300041 169846
fnl4461_n22300_uncorr-similar-weights_05.ttp: 1435830.0 8746225.0 6549235.0 185707 293764.6100076843 1478857.831267368 156085
fnl4461_n22300_uncorr-similar-weights_05.ttp: 1435823.0 8746232.0 6548171.0 185707 293753.4508834674 1477986.4377513528 150211
fnl4461_n22300_uncorr-similar-weights_05.ttp: 1435835.0 8746220.0 6549203.0 185707 293756.7800819592 1478960.975785384 147377
fnl4461_n22300_uncorr-similar-weights_05.ttp: 1435842.0 8746213.0 6548201.0 185707 293731.74534138595 1478391.0754076783 151151
fnl4461_n22300_uncorr-similar-weights_05.ttp: 1435834.0 8746221.0 6548659.0 185707 293758.0778297141 1478394.5766591337 169302
fnl4461_n22300_uncorr-similar-weights_05.ttp: 1435843.0 8746212.0 6548565.0 185707 293724.8303856427 1478874.4275438068 165629
fnl4461_n22300_uncorr-similar-weights_05.ttp: 1435838.0 8746217.0 6548984.0 185707 293744.01739994873 1478962.2596768849 164525
Batch run took 3251.0 seconds, averaging 162.55 seconds, and a score of 1478662.2914038901 per run.

fnl4461_n44600_uncorr_10.ttp: 6637898.0 1.3606261E7 1.9314221E7 185707 267812.0501892565 6261061.6737756375 599813
fnl4461_n44600_uncorr_10.ttp: 6638769.0 1.360539E7 1.93108E7 185707 267789.7135816103 6258729.360032314 599814
fnl4461_n44600_uncorr_10.ttp: 6637894.0 1.3606265E7 1.9312051E7 185707 267795.28624082974 6259708.748621957 599815
fnl4461_n44600_uncorr_10.ttp: 6637894.0 1.3606265E7 1.931336E7 185707 267800.9487940483 6260741.755778085 599804
fnl4461_n44600_uncorr_10.ttp: 6638279.0 1.360588E7 1.9312834E7 185707 267802.919763889 6260119.6907080505 599813
fnl4461_n44600_uncorr_10.ttp: 6640699.0 1.360346E7 1.9311802E7 185707 267789.3300393585 6259750.053881666 599800
fnl4461_n44600_uncorr_10.ttp: 6641211.0 1.3602948E7 1.9306486E7 185707 267796.5376263806 6254082.756090207 599807
fnl4461_n44600_uncorr_10.ttp: 6637805.0 1.3606354E7 1.931154E7 185707 267793.57723517076 6259281.0455577765 599810
fnl4461_n44600_uncorr_10.ttp: 6637761.0 1.3606398E7 1.9313377E7 185707 267821.1896090957 6259772.218452675 599811
fnl4461_n44600_uncorr_10.ttp: 6636957.0 1.3607202E7 1.9313623E7 185707 267827.3298530915 6259718.94296032 599811
fnl4461_n44600_uncorr_10.ttp: 6635679.0 1.360848E7 1.9313078E7 185707 267836.8702177044 6258708.945589088 599806
fnl4461_n44600_uncorr_10.ttp: 6638554.0 1.3605605E7 1.9310633E7 185707 267802.85345268826 6257921.922715973 599801
fnl4461_n44600_uncorr_10.ttp: 6636979.0 1.360718E7 1.9312937E7 185707 267837.6275940968 6258531.031063721 572516
fnl4461_n44600_uncorr_10.ttp: 6637455.0 1.3606704E7 1.9311801E7 185707 267809.2611776828 6258777.61019974 599814
fnl4461_n44600_uncorr_10.ttp: 6638564.0 1.3605595E7 1.9311513E7 185707 267829.08021602576 6257523.630270904 599809
fnl4461_n44600_uncorr_10.ttp: 6638020.0 1.3606139E7 1.9312054E7 185707 267805.112479224 6259232.817762623 599811
fnl4461_n44600_uncorr_10.ttp: 6637650.0 1.3606509E7 1.9310621E7 185707 267823.78565890563 6256889.6869849395 599808
fnl4461_n44600_uncorr_10.ttp: 6636159.0 1.3608E7 1.9304556E7 185707 267825.67827075085 6250732.441083603 526315
fnl4461_n44600_uncorr_10.ttp: 6637396.0 1.3606763E7 1.9314566E7 185707 267825.691797778 6260741.7817763 599804
fnl4461_n44600_uncorr_10.ttp: 6635101.0 1.3609058E7 1.9314982E7 185707 267841.8408040862 6260370.679208839 599805
Batch run took 11902.0 seconds, averaging 595.1 seconds, and a score of 6258619.839625722 per run.

