0.0 1.0000000000000002 
0.8518323467814589 -0.7733690122132199 
0.0 1.0000000000000002 
0.8518323467814589 -0.7733690122132199 
0.6525109558338494 -0.45826332549150117 
0.8233325773029234 -0.4582791025117937 
0.4538811933966036 -0.12421844456069489 
0.6183970077590045 -0.12422216808571299 
0.25776015454666923 0.2421610861206937 
0.4093137089575205 0.24216062848313263 
0.182229199894196 0.669649762629812 
0.0829997795483694 0.6696523567134899 
0.24660456057840394 0.2585673329960148 
0.42773811224237157 0.01869647526823559 
0.644206028860235 -0.43611693903267085 
0.6295128585878957 -0.2969796112331483 
0.4325732041514802 -0.020407515748660187 
0.8393776145910375 -0.7023303228627906 
0.83160398725891 -0.6043122543413919 
0.036980376485979904 0.7761507792150016 
0.22754913635576363 0.34974179003615935 
7.445025315204468E-4 0.9726989759105107 
0.6335539880234025 -0.3450602124915956 
0.8300923784903058 -0.5796057999490929 
0.41589202135100417 0.15598306493705894 
0.6245300542946073 -0.22531381110746027 
0.0032798330597184067 0.9424385977317848 
0.8254917598699273 -0.49710572896689487 
0.8339077968698144 -0.638551006405086 
0.8456215581060063 -0.7436919602905752 
0.19220329104177744 0.6111256019466175 
0.21319878692083447 0.4527458580468343 
0.4395258155011859 -0.07887542067819854 
0.42074308830710755 0.09886682822341479 
0.19486471494633084 0.5904163957953455 
0.23363101283172327 0.31326505332319876 
0.6393929229872211 -0.4038152373738385 
0.6221150551766117 -0.18702367648492693 
0.23421709042253835 0.31002966449608155 
0.42577271658866234 0.039224219231056734 
0.03243849708804375 0.79227089752329 
0.20128726336423225 0.5515627709998568 
0.1981223573709066 0.5697185292329301 
0.1883883573907263 0.6332058398428777 
0.2089712892058131 0.4851279150651439 
0.8264536625023056 -0.5151974695424187 
0.6374885586905465 -0.38470476568289 
0.4364581774473045 -0.05820189221286162 
0.6273165212884442 -0.2666920982664352 
0.21789280151361812 0.4171115694957077 
0.43415062910241553 -0.040335634747105276 
0.216063791571513 0.4307046438614683 
0.20509708594224363 0.5146431197912084 
0.024764803538838226 0.8335019562025726 
0.41783935203746203 0.13149961303949842 
0.8359878043284128 -0.6706116355516675 
0.8240884290874014 -0.4620858677577356 
0.6238870469375637 -0.21531613609375394 
0.6343430631830778 -0.35383705995573034 
0.04423373010282737 0.7487811131278391 
0.04372585358880435 0.7506675971674227 
0.22103193198556714 0.39421250220743276 
0.4228152100673196 0.0719907764484388 
0.21037531506225116 0.4740090240573008 
0.8281727673007064 -0.5505926480268432 
0.010114335986307454 0.8962699630187776 
0.05116874181882658 0.7231473554726474 
0.6496235749093558 -0.4555704431863089 
0.8278907495585409 -0.5432921784485499 
0.4138826907250966 0.18182152415761377 
0.42362771670970834 0.0627714906545825 
0.8378406089350526 -0.6927861330426671 
0.41892258613742894 0.11813330205991202 
0.6200720992644742 -0.1530496340582671 
0.6209951575209863 -0.16857011961964125 
0.006434037754504157 0.918496869561875 
0.20328349640562726 0.528197938830914 
0.029484442462094862 0.813052535692353 
0.8348106674196154 -0.6552337493567063 
0.01982124079872634 0.8476620774493799 
0.44313980852579093 -0.09857522648978118 
0.05750684089719682 0.7056852198957978 
0.22274633946694752 0.3848707240357802 
0.06628566802580671 0.6877363326119739 
0.6284800566740889 -0.2829985040351469 
0.6192095144013933 -0.13368305172970665 
0.07468037455924925 0.6733889070967621 
0.07339053906665416 0.6814889271534891 
0.24841251813888715 0.25349231055894106 
0.06248609798295388 0.6922887338186571 
0.05135169882085683 0.7228696805418825 
0.015842203620080125 0.8684526958611839 
0.005826663393602161 0.9248412342981172 
0.02706227276726475 0.8179382080617413 
0.8475118457621301 -0.7621804376220142 
0.22541015040881657 0.3682349352216925 
0.018136437181743903 0.8555448738414752 
0.23421709042253835 0.31002966449608155 
0.18526687351910043 0.6523302813483958 
0.4444185393170196 -0.10425110598460591 
