0.0 4.580907157699844E-18 0.0 0.0 1.0784286358580597E-16 0.0 1.8639162306744457E-16 3.4287129264427177E-17 5.056432632678258E-17 0.0 0.0 5.859372138956522E-17 1.2127664554979196E-16 2.0073204384850766E-18 0.0 1.29944264105337E-16 5.1047634045824164E-18 0.0 0.0 0.0 4.608605079185527E-17 9.853009473846542E-17 5.168477696464942E-17 4.3860788172183785E-17 9.17808698964643E-17 0.0 0.0 0.0 1.1969628254680098E-17 0.0 
0.8518323467814589 4.580907157699844E-18 0.0 0.0 1.0784286358580597E-16 0.0 1.8639162306744457E-16 3.4287129264427177E-17 5.056432632678258E-17 0.0 0.0 5.859372138956522E-17 1.2127664554979196E-16 2.0073204384850766E-18 0.0 1.29944264105337E-16 5.1047634045824164E-18 0.0 0.0 0.0 4.608605079185527E-17 9.853009473846542E-17 5.168477696464942E-17 4.3860788172183785E-17 9.17808698964643E-17 0.0 0.0 0.0 1.1969628254680098E-17 0.0 
0.0 4.580907157699844E-18 0.0 0.0 1.0784286358580597E-16 0.0 1.8639162306744457E-16 3.4287129264427177E-17 5.056432632678258E-17 0.0 0.0 5.859372138956522E-17 1.2127664554979196E-16 2.0073204384850766E-18 0.0 1.29944264105337E-16 5.1047634045824164E-18 0.0 0.0 0.0 4.608605079185527E-17 9.853009473846542E-17 5.168477696464942E-17 4.3860788172183785E-17 9.17808698964643E-17 0.0 0.0 0.0 1.1969628254680098E-17 0.0 
0.8518323467814589 4.580907157699844E-18 0.0 0.0 1.0784286358580597E-16 0.0 1.8639162306744457E-16 3.4287129264427177E-17 5.056432632678258E-17 0.0 0.0 5.859372138956522E-17 1.2127664554979196E-16 2.0073204384850766E-18 0.0 1.29944264105337E-16 5.1047634045824164E-18 0.0 0.0 0.0 4.608605079185527E-17 9.853009473846542E-17 5.168477696464942E-17 4.3860788172183785E-17 9.17808698964643E-17 0.0 0.0 0.0 1.1969628254680098E-17 0.0 
0.6525109558338494 4.580907157699844E-18 0.0 0.0 1.0784286358580597E-16 0.0 1.8639162306744457E-16 3.4287129264427177E-17 5.056432632678258E-17 0.0 0.0 5.859372138956522E-17 1.2127664554979196E-16 2.0073204384850766E-18 0.0 1.29944264105337E-16 5.1047634045824164E-18 0.0 0.0 0.0 4.608605079185527E-17 9.853009473846542E-17 5.168477696464942E-17 4.3860788172183785E-17 9.17808698964643E-17 0.0 0.0 0.0 1.1969628254680098E-17 0.0 
0.8233325773029234 4.580907157699844E-18 1.566168843528434E-7 5.804748350591379E-12 1.0784286358580597E-16 0.0 1.8639162306744457E-16 3.4287129264427177E-17 1.096127236758962E-11 0.0 7.459304550662281E-13 2.3072029706350588E-10 1.0254343087276303E-17 2.7010556468938363E-9 1.1169690266836838E-10 1.5116778144418608E-13 2.1330393449766586E-12 0.0 7.107786635576486E-7 2.5903798713717884E-14 4.357361370109861E-12 4.005954107440113E-17 1.5177328161144788E-17 4.3860788172183785E-17 9.17808698964643E-17 0.0 1.7389010337100593E-11 0.0 1.1969628254680098E-17 3.80471108552109E-14 
0.4538811933966036 4.580907157699844E-18 0.0 0.0 1.0784286358580597E-16 0.0 1.8639162306744457E-16 3.4287129264427177E-17 5.056432632678258E-17 0.0 0.0 5.859372138956522E-17 1.0254343087276303E-17 2.0073204384850766E-18 0.0 1.8921961642821336E-17 5.1047634045824164E-18 0.0 0.0 0.0 4.608605079185527E-17 9.853009473846542E-17 5.168477696464942E-17 4.3860788172183785E-17 9.17808698964643E-17 0.0 0.0 0.0 1.1969628254680098E-17 0.0 
0.6183970077590045 4.580907157699844E-18 0.0 0.0 1.0784286358580597E-16 0.0 1.8639162306744457E-16 3.4287129264427177E-17 5.056432632678258E-17 0.0 0.0 0.0 1.0254343087276303E-17 2.0073204384850766E-18 0.0 1.8921961642821336E-17 5.1047634045824164E-18 0.0 0.0 2.0638036354925398E-16 4.608605079185527E-17 9.853009473846542E-17 5.168477696464942E-17 4.3860788172183785E-17 9.17808698964643E-17 0.0 0.0 0.0 1.1969628254680098E-17 0.0 
0.25776015454666923 4.580907157699844E-18 0.0 0.0 1.0784286358580597E-16 0.0 1.8639162306744457E-16 3.4287129264427177E-17 5.056432632678258E-17 0.0 0.0 5.859372138956522E-17 1.0254343087276303E-17 2.0073204384850766E-18 0.0 1.29944264105337E-16 5.1047634045824164E-18 0.0 0.0 0.0 4.608605079185527E-17 9.853009473846542E-17 5.168477696464942E-17 4.3860788172183785E-17 9.17808698964643E-17 0.0 0.0 0.0 1.1969628254680098E-17 0.0 
0.4093137089575205 4.580907157699844E-18 0.0 0.0 1.0784286358580597E-16 0.0 1.8639162306744457E-16 3.4287129264427177E-17 5.056432632678258E-17 0.0 0.0 5.859372138956522E-17 1.2127664554979196E-16 2.0073204384850766E-18 0.0 1.29944264105337E-16 5.1047634045824164E-18 0.0 0.0 0.0 4.608605079185527E-17 9.853009473846542E-17 5.168477696464942E-17 4.3860788172183785E-17 9.17808698964643E-17 0.0 0.0 0.0 1.1969628254680098E-17 0.0 
0.182229199894196 4.580907157699844E-18 0.0 0.0 1.0784286358580597E-16 0.0 1.8639162306744457E-16 3.4287129264427177E-17 5.056432632678258E-17 0.0 3.2555727977301337E-17 5.859372138956522E-17 1.0254343087276303E-17 2.0073204384850766E-18 0.0 1.8921961642821336E-17 5.1047634045824164E-18 0.0 0.0 0.0 4.608605079185527E-17 9.853009473846542E-17 5.168477696464942E-17 4.3860788172183785E-17 9.17808698964643E-17 0.0 1.910118621944355E-16 0.0 1.1969628254680098E-17 0.0 
0.0829997795483694 4.580907157699844E-18 0.0 0.0 1.0784286358580597E-16 0.0 1.8639162306744457E-16 3.4287129264427177E-17 5.056432632678258E-17 0.0 0.0 5.859372138956522E-17 1.0254343087276303E-17 2.0073204384850766E-18 0.0 1.8921961642821336E-17 5.1047634045824164E-18 0.0 0.0 9.535806108673832E-17 4.608605079185527E-17 9.853009473846542E-17 5.168477696464942E-17 4.3860788172183785E-17 9.17808698964643E-17 0.0 0.0 0.0 1.1969628254680098E-17 0.0 
0.24660456057840394 2.595036691167677E-15 0.0015566331315650399 1.0424499325466045E-11 4.0522754015559426E-16 2.1044877186372512E-10 1.8639162306744457E-16 1.3429248707011533E-14 3.879411360581949E-13 0.0 5.123449770168942E-9 8.577202759347417E-10 1.0254343087276303E-17 1.315899062749016E-12 1.1651058713099897E-10 1.8727802795908138E-14 9.542133919440918E-14 4.0902952236254416E-13 0.0 5.294209994536881E-10 2.2733050321692223E-9 1.3986841436672833E-11 4.013642203097012E-15 2.5380874556182813E-12 9.17808698964643E-17 2.1047295428509657E-14 2.4164946278454058E-12 0.0 1.5258022002598056E-10 0.0 
0.42773811224237157 1.656839991587622E-13 8.221868775317508E-9 4.823134241864745E-8 2.025570810169326E-9 2.291769887681576E-9 5.434801072352454E-12 3.8825069373535024E-14 1.534705295705464E-10 3.3107490880619893E-11 1.2412594015315108E-7 1.7465293955639966E-4 4.599144506131678E-13 3.71897727131966E-11 1.0754716309538491E-13 4.732880214000667E-15 5.1047634045824164E-18 1.3995287761383731E-8 0.0 9.147615554108873E-16 7.784581464721452E-12 3.509203252632822E-13 3.3606316041508744E-12 1.3888750532456513E-15 9.277761943782995E-11 2.842654217638244E-13 1.3873604859917863E-15 0.0 9.272487284855722E-11 1.8841867614827095E-6 
0.644206028860235 4.580907157699844E-18 5.276397756030623E-9 0.0 1.9222372897533665E-16 8.863049683487504E-13 1.971510886962486E-9 1.1055087500495619E-13 5.056432632678258E-17 0.0 2.3014699982555717E-10 8.109344720471622E-5 1.3261708795823325E-13 8.470186560386368E-13 2.392216565823406E-11 2.0125124895611078E-13 1.5199915800334903E-14 6.232479106355273E-11 0.0 0.0 1.5713301156978306E-11 1.9584463612978172E-10 8.404613165059024E-12 1.0762739902216917E-11 1.4669691866636363E-8 4.163938050716158E-12 1.2132314752746884E-11 0.0 4.44679260878871E-9 3.00748557622286E-4 
0.6295128585878957 1.4183320561666732E-15 0.0 1.7789707208974457E-11 4.283634189381835E-11 3.0302259188155565E-10 1.7682205367365158E-10 2.9635893943900453E-9 2.342214874312276E-9 1.384065696556774E-12 1.0385531223175414E-8 6.45235710162718E-11 6.555743654697061E-15 2.0073204384850766E-18 2.4670578149256484E-11 1.7466565890442766E-5 2.0961839854220843E-14 8.720826352206909E-15 0.0 6.769926829604394E-10 4.608605079185527E-17 2.790020165144749E-14 2.7430613597559308E-11 1.6870298233874532E-12 1.5894894542814681E-9 6.689672490330782E-12 1.3873604859917863E-15 0.0 7.832304251138254E-16 2.0384237135371813E-9 
0.4325732041514802 0.03181766721773993 4.494106498257561E-9 5.057571388879707E-13 9.971186149929675E-16 1.5015486194948656E-13 1.461139320095147E-16 4.477604168897359E-16 1.2807978701870155E-15 1.651290283087934E-14 2.4803564332473157E-10 5.28901195112242E-10 4.001248484645191E-5 2.0073204384850766E-18 1.724740925155803E-10 1.8921961642821336E-17 6.123506650600975E-16 0.0 5.339013970674831E-8 5.384668080817971E-12 2.3061325256205267E-12 3.5312642121761185E-10 7.778131189533647E-16 4.3860788172183785E-17 9.17808698964643E-17 0.0 0.0 0.0 6.043729926736471E-17 5.362984817807711E-10 
0.8393776145910375 4.580907157699844E-18 0.0 0.0 1.0625752964178658E-10 0.0 1.8639162306744457E-16 3.4287129264427177E-17 5.056432632678258E-17 0.0 3.7923766160438437E-16 0.0 0.0410180513796201 6.020722209471108E-14 4.629631020209103E-12 4.36843125514913E-15 5.1047634045824164E-18 1.0918161267511597E-8 0.0 8.075405934861151E-15 1.6006600715852226E-10 9.853009473846542E-17 5.168477696464942E-17 4.3860788172183785E-17 9.17808698964643E-17 1.3746224107875867E-15 0.0 0.0 8.6931147482329E-9 0.0 
0.83160398725891 3.1145254831952585E-13 8.578933846308865E-9 9.307550849727261E-12 1.5691986466497122E-12 8.228328387121765E-11 7.536932060492892E-17 5.70173396271794E-14 8.988708087936104E-12 0.0 7.558287592199382E-10 1.391660038664214E-9 0.024587703035394048 1.3141108231015205E-10 2.778788091422996E-12 2.2393788941794554E-10 2.1931275596955926E-14 3.280844376947374E-12 2.6710397268099285E-9 3.897091604022327E-11 4.608605079185527E-17 9.215327996783514E-6 3.40879978004242E-11 3.1274932903580826E-12 5.164514485303162E-11 4.6278904513181E-11 8.197356651444609E-14 0.0 1.1969628254680098E-17 0.0 
0.036980376485979904 6.247019865669187E-4 8.630332029032453E-9 7.642218791720649E-11 3.871498857927945E-14 4.449329837028087E-8 1.3972580898808948E-8 4.268259021465304E-15 0.007753358732231325 0.0 1.742261668433546E-9 7.98467833881058E-5 5.491268513504865E-11 2.0073204384850766E-18 6.162392349043955E-14 4.750271164219343E-6 2.830532999337819E-14 6.052068846634652E-10 3.367193376246046E-5 5.65601061205371E-13 5.344726058871975E-12 8.435128789544405E-11 4.820286225316024E-12 4.3860788172183785E-17 9.17808698964643E-17 0.0 2.4047379099981198E-14 0.0 2.8302837151991185E-8 5.013541215593136E-13 
0.22754913635576363 4.192032805263215E-14 0.0 0.0 1.0784286358580597E-16 8.689022974489851E-5 1.8639162306744457E-16 6.685308252488176E-12 2.5721492581303497E-13 0.0 3.568332416291705E-11 6.426063467698998E-11 1.0254343087276303E-17 2.0073204384850766E-18 1.4612399780727152E-9 9.10732036539512E-10 5.1047634045824164E-18 1.1943264018579197E-13 0.0 0.0 4.703828699995683E-9 9.312754139256856E-13 5.168477696464942E-17 4.63630415063286E-10 9.17808698964643E-17 3.24483076014511E-12 0.0 0.0 1.1969628254680098E-17 0.0 
7.445025315204468E-4 4.580907157699844E-18 0.0 0.0 5.14299945861793E-11 1.2967279217444133E-8 3.126543462663276E-14 1.558869771429781E-14 5.056432632678258E-17 0.0 6.3722375888712786E-6 1.9909128925594245E-12 8.640626001747235E-15 2.7032748917364845E-9 0.0 9.509248624012773E-12 8.175584954947494E-14 8.50596878533089E-12 0.0 6.45921829965721E-12 3.3490014525390798E-12 8.961101589446203E-12 5.168477696464942E-17 3.4642154362763274E-14 1.9309169687820957E-8 3.2598298744430265E-12 3.6434008068631946E-14 0.0 3.238046322327626E-11 6.284717248593004E-13 
0.6335539880234025 1.2063594386805586E-16 0.009401712831752063 7.647612732928232E-14 1.2525390776660817E-13 0.0 1.896129489164144E-9 1.5952774728752314E-15 2.613404700517262E-11 6.261808865420543E-16 1.070537447596341E-9 6.851240631252971E-12 1.5924956735251042E-14 4.955945481742094E-11 7.296650255503869E-13 3.320450869688204E-10 5.1047634045824164E-18 8.519036528462951E-10 0.0 1.1019288341255618E-11 6.654436422776495E-13 1.9246682138019816E-10 2.4005534599142967E-13 2.80278057108212E-14 4.1755077836580924E-13 5.82240921115601E-15 7.262471209097439E-11 0.0 9.236033691868543E-10 2.959631595353211E-11 
0.8300923784903058 5.457266745824778E-15 1.747135453553664E-10 7.586569572685438E-11 1.9440930915095268E-13 2.242951639836883E-12 6.5649577337021945E-9 4.268259021465304E-15 2.822723361024559E-9 1.9990082804807152E-8 6.575366599633822E-8 3.700595273140554E-12 8.843773386896193E-11 1.520251695664596E-12 3.0335480470124724E-13 4.9850365951138736E-8 5.1047634045824164E-18 4.644843732487316E-13 0.0 5.931148023842653E-13 5.202008717984012E-9 1.5404412364258849E-10 1.0085265249749486E-15 2.38702846889562E-11 2.459809020584713E-9 5.821903863036483E-9 2.671799798804829E-13 0.0 2.4636003533174505E-6 0.026349614151885744 
0.41589202135100417 4.971741507906727E-13 8.647870968072702E-9 7.586569572685438E-11 5.4165714698013626E-15 8.148861171143983E-11 8.644232635508356E-12 4.268259021465304E-15 8.573084701234495E-11 2.0198717940550454E-8 6.575366599633822E-8 1.8294781702696858E-9 2.553608261556346E-9 2.9451220905156815E-11 4.3621673851129E-12 4.504999401807986E-13 5.220489460857151E-13 3.339467312000176E-11 0.0 5.885507361720649E-13 5.735193527709523E-9 1.2937624527961372E-12 8.79258677021541E-14 5.172779407450973E-12 2.4716052795483246E-9 5.644840965326138E-9 4.5198374756048393E-13 0.0 2.7741709434735386E-8 1.0251407967069513E-10 
0.6245300542946073 2.5258100453778793E-16 8.782290386783161E-9 1.5098018247976325E-13 4.16169115531175E-9 2.1538474347151242E-8 0.0 4.268259021465304E-15 4.7928110605158697E-11 0.0 6.575141407392596E-8 7.312775362087118E-9 2.059240047034541E-11 2.0073204384850766E-18 0.0 1.5517742116628014E-7 5.030915418577798E-15 3.370096229194984E-11 0.0 5.491661590834246E-13 5.599095175216018E-15 1.2793031841442913E-12 1.1718504199893823E-14 5.079434942600312E-12 9.17808698964643E-17 1.6288562055427013E-10 1.539362301774211E-12 0.0 1.1969628254680098E-17 0.0 
0.0032798330597184067 6.434683315006031E-14 0.0 0.0 2.083545124604494E-14 1.5180557122414367E-4 1.8639162306744457E-16 7.437009361302256E-12 3.858423325969341E-13 0.0 1.0206556251600973E-8 8.938353934007211E-10 1.7139184566249746E-14 2.0073204384850766E-18 1.4480871110684615E-12 3.0811149494336774E-8 5.1047634045824164E-18 1.1893696558076456E-12 0.0 7.781165613979453E-10 4.703828699995683E-9 2.0288309972838075E-10 5.168477696464942E-17 4.480506051162499E-10 9.17808698964643E-17 1.392125585484887E-12 0.0 0.0 6.484068498947127E-14 3.6859873696077286E-14 
0.8254917598699273 4.580907157699844E-18 1.3950926407466609E-8 7.878351246862705E-12 5.524736800084042E-6 5.089576414078036E-11 2.2601792938936507E-12 1.6569463340292754E-12 6.984409453724189E-10 4.3089049723454134E-9 3.796997034184905E-9 2.7703638021470725E-11 2.0304993890090452E-14 1.1534669263407183E-10 2.8135441432324898E-12 0.02427472738188984 2.491410100324973E-13 6.041827058877181E-7 0.0 3.05634771682624E-11 1.2330013118277791E-14 9.16409967183365E-12 4.879980848189711E-10 2.599809447090815E-13 9.17808698964643E-17 1.214543421689533E-10 4.4365286825978833E-13 0.0 1.1969628254680098E-17 1.8688662888034935E-8 
0.8339077968698144 5.20985446197437E-13 8.601076627014033E-9 7.586569572685438E-11 1.9440930915095268E-13 2.14524431455553E-12 6.571104923778812E-9 4.268259021465304E-15 2.822723361024559E-9 2.0198717940550454E-8 6.575366599633822E-8 3.756627750030407E-12 2.553608261556346E-9 1.520251695664596E-12 2.9232316182432987E-13 4.9850365951138736E-8 5.1047634045824164E-18 3.339467312000176E-11 0.0 5.931148023842653E-13 5.665998762763097E-9 1.5404412364258849E-10 8.949197305096995E-14 5.172779407450973E-12 2.459809020584713E-9 5.821903863036483E-9 2.9239224418108066E-13 0.0 2.4636003533174505E-6 0.02501979689483972 
0.8456215581060063 3.2483351664656952E-15 0.001494539655367172 3.018502589238472E-11 4.7549916904026796E-17 1.2356700399746837E-15 2.649171538405388E-14 6.863510181898071E-12 4.932442962730418E-10 3.83392462456657E-11 1.485063998813533E-6 4.0852607830406485E-7 4.667024120475467E-11 1.796930978072009E-10 1.4574335907156662E-9 3.099125183086156E-11 5.895363344633896E-9 7.596384804713549E-12 0.0 4.693605735837539E-14 7.747675954174196E-14 1.9087809101078984E-5 1.4968240780451475E-7 4.779930452368586E-10 1.9933194455116837E-8 6.090232220118836E-14 0.0 0.0 0.002842801547318889 0.07585989266275048 
0.19220329104177744 6.964563279014115E-15 1.084973377328147E-10 2.5489028355665386E-12 9.539034540706816E-13 1.188528709083024E-8 3.688210484386938E-5 4.941504804367339E-13 9.082926506628158E-12 0.0 6.553528600639996E-8 7.762234524847398E-13 0.012025774843388676 7.226749296655711E-11 2.5239557392888843E-13 2.9416100647640858E-8 7.404661710278114E-13 5.931762808525873E-7 1.050800496670787E-5 5.692144929262795E-10 8.76579773499564E-14 5.216114988894551E-8 1.974108856027843E-14 4.3860788172183785E-17 2.350087860428766E-14 9.301256302895612E-13 4.7016540475712296E-11 0.0 1.1969628254680098E-17 2.8653934559245276E-15 
0.21319878692083447 6.434683315006031E-14 0.0015566331315650399 1.5271863124874697E-10 4.0522754015559426E-16 1.8506030117240492E-16 1.8639162306744457E-16 6.6832858411584594E-12 3.879411360581949E-13 0.0 2.3017837487044795E-6 8.600264616206794E-10 1.2127664554979196E-16 1.315899062749016E-12 1.173931920672356E-10 1.8727802795908138E-14 9.542133919440918E-14 1.7528650392632521E-13 0.0 5.294209994536881E-10 2.2733050321692223E-9 1.3986841436672833E-11 9.662190219546531E-15 2.5369040445378168E-12 9.17808698964643E-17 1.8576982265525524E-12 4.6586653892801475E-11 0.0 1.5258022002598056E-10 0.0 
0.4395258155011859 1.656839991587622E-13 7.429992213651605E-10 4.823134241864745E-8 2.033026764148108E-9 2.291769887681576E-9 5.434801072352454E-12 2.8964174711000983E-13 2.4965057064292296E-8 3.3107490880619893E-11 1.2412594015315108E-7 1.7465293955639966E-4 4.599144506131678E-13 3.71897727131966E-11 4.225837255399336E-12 4.732880214000667E-15 5.1047634045824164E-18 3.1271513687262156E-12 0.0 9.147615554108873E-16 7.784581464721452E-12 6.081481343759265E-12 1.989837943567163E-10 1.3888750532456513E-15 9.556869215456692E-11 6.236966204382681E-11 2.0954927737176434E-15 0.0 9.272487284855722E-11 5.269455982701018E-10 
0.42074308830710755 2.9803506218110545E-16 8.113976335967548E-8 7.255477795458387E-13 1.791638712563187E-13 3.143021605235735E-14 2.669546834946635E-13 5.09197736261391E-15 2.1451405601784272E-7 6.431005587003692E-14 1.8433578387003235E-10 0.012863452442980261 6.831910502871535E-13 1.455363271040903E-15 7.288413069253508E-10 4.210632002332682E-15 6.864259652165686E-13 2.4444987212469426E-9 0.0 1.8532738088675006E-14 4.608605079185527E-17 1.2756031173599742E-10 1.9336149771150615E-10 3.625058617307336E-16 2.101728524469057E-11 0.0 4.448448825061551E-13 0.0 6.739138377924616E-14 3.546136573609553E-10 
0.19486471494633084 4.580907157699844E-18 0.0 2.210818972449991E-12 4.0470556606924694E-14 9.084667804013027E-4 1.8639162306744457E-16 9.943188412984654E-13 2.1889853929478155E-9 1.2631209431101954E-13 6.059291425064737E-8 3.061332191507045E-11 1.2127664554979196E-16 2.6895246767983114E-13 1.9385670969239582E-9 0.0013652394067409138 2.6091674200495557E-16 1.5044622090892127E-13 0.0 8.886021626144128E-13 1.2417579633415078E-12 8.978628758426982E-10 7.536367746857821E-8 4.3860788172183785E-17 1.8656999508940808E-8 9.63335687097955E-11 3.364673503746587E-12 0.0 1.634062439782793E-10 6.538543550358717E-13 
0.23363101283172327 6.434683315006031E-14 0.0 0.0 1.5973108281021283E-12 1.390181144273354E-4 6.9327196874564565E-15 7.437009361302256E-12 3.8755233269082153E-13 0.0 1.046613418399509E-8 8.938353934007211E-10 4.055796769456956E-13 2.0073204384850766E-18 7.893427822199512E-11 9.608623485903572E-7 5.1047634045824164E-18 1.1893696558076456E-12 0.0 7.781165613979453E-10 4.703828699995683E-9 2.0288309972838075E-10 5.168477696464942E-17 4.480506051162499E-10 9.17808698964643E-17 2.0379107943212604E-10 1.3873604859917863E-15 0.0 6.484068498947127E-14 3.704103061078568E-14 
0.6393929229872211 9.664645106259662E-16 4.338152661348105E-6 2.26405385408049E-10 8.854316436057299E-8 0.0 8.017837751267676E-8 3.3702448412376667E-9 4.398430319512353E-13 1.1664461141266404E-9 6.101155156586454E-11 7.650163938162716E-5 1.3261013801210705E-14 2.0073204384850766E-18 0.0 2.950355398464358E-7 1.8172609017450583E-10 1.0661388047898946E-9 0.0 0.0 1.687298741734083E-9 5.835865658896858E-8 4.317025652393467E-5 6.122651867270043E-15 1.1756682988049743E-5 6.098270579087569E-12 4.534838501959698E-15 0.0 2.57484946427975E-12 1.0549748283158461E-7 
0.6221150551766117 3.7572047596830554E-14 0.0 3.3998693715348974E-12 4.2242386151338595E-11 4.820701789683876E-13 1.4890812862187595E-10 4.4738174239367055E-12 9.161194158929353E-15 0.0 5.724729235821201E-11 6.870127081729209E-7 1.6208064647719895E-13 6.368957202648675E-14 7.22044670821854E-12 1.5293939110449804E-13 7.3380806605451015E-16 1.3344680573986646E-11 0.0 9.147615554108873E-16 1.363012991862262E-10 2.055685181679957E-13 2.0726090924462867E-13 4.3860788172183785E-17 5.083884503497601E-15 5.520119670757671E-12 1.3873604859917863E-15 0.0 3.307022141766399E-14 2.4133190779880116E-11 
0.23421709042253835 4.580907157699844E-18 0.0 0.0 9.348512631077998E-13 4.804523806146261E-8 6.9327196874564565E-15 3.4287129264427177E-17 3.3956494689192534E-15 0.0 4.210582799371442E-10 5.859372138956522E-17 3.9468049550814864E-13 2.0073204384850766E-18 7.876202620807319E-11 9.451394503303343E-7 5.1047634045824164E-18 0.0 0.0 0.0 4.608605079185527E-17 9.853009473846542E-17 5.168477696464942E-17 4.3860788172183785E-17 9.17808698964643E-17 2.0719240184359546E-10 1.3873604859917863E-15 0.0 1.1969628254680098E-17 7.766032646668666E-16 
0.42577271658866234 4.860213283704522E-13 3.414557811120677E-8 9.859715543896368E-11 1.0784286358580597E-16 1.5640402175358652E-10 3.323304683045293E-14 2.5785293074109708E-11 1.5609920902509416E-8 3.530036845705187E-6 1.7602635639707503E-13 1.0190400015713114E-4 6.554360494400161E-12 1.2747231770033178E-11 1.000929050692135E-13 2.0535756720808585E-11 5.1047634045824164E-18 2.3806743439161692E-8 0.0 1.7266165402753275E-12 5.635862608612064E-9 1.3481004570631118E-12 7.975207403559242E-12 8.792714641434939E-14 8.583913363560524E-11 3.3730708205352913E-6 1.8770465287934524E-14 0.0 6.560252125509893E-10 3.491180909064296E-12 
0.03243849708804375 1.7466308785046917E-15 0.0 0.0 8.100343628252346E-18 2.2452117866845123E-11 1.8639162306744457E-16 1.5300222511543512E-16 4.3518198046525864E-13 1.0147222677702172E-11 1.4355361945389021E-9 5.624624699866127E-16 3.3981401967040007E-16 1.6696108086752322E-14 0.0 3.1139625462158715E-9 7.930985613523543E-13 1.11338963032691E-13 0.0 0.0 1.6727769086015298E-9 4.4586511808732565E-13 5.168477696464942E-17 2.2108703893223872E-12 1.1818218310956809E-5 3.2598298744430265E-12 3.175376498375271E-14 0.0 2.8074139436584613E-13 1.0026845313586263E-7 
0.20128726336423225 2.7627193794001705E-14 1.084973377328147E-10 2.5489028355665386E-12 9.539034540706816E-13 1.188528709083024E-8 3.4809781191524905E-5 4.941504804367339E-13 1.1842612525447973E-12 0.0 6.553528600639996E-8 6.636078734237322E-12 0.012164411383593782 1.7780025546657965E-10 2.557066899004621E-13 2.9416100647640858E-8 7.404661710278114E-13 5.931762808525873E-7 0.022448077847279528 5.694916903159783E-10 8.76579773499564E-14 5.216114988894551E-8 3.0276679321760783E-10 4.3860788172183785E-17 8.020499753859972E-16 5.47714152727055E-13 1.799330563963238E-11 0.0 1.1969628254680098E-17 1.6824824723856827E-5 
0.1981223573709066 9.41532939855171E-14 0.0015827140717396757 0.0 6.394622493612414E-8 0.0 1.8639162306744457E-16 9.978021402243819E-15 2.9393531561852413E-10 1.5091188379279304E-11 1.0873385146097622E-9 7.952778457307751E-6 1.8477198437205178E-6 7.796024494866321E-13 0.0 1.4259500622237756E-13 1.4440595648839066E-16 2.9989137745643433E-9 0.0 5.876793084575302E-13 1.3283913117732674E-10 9.339749154635257E-9 9.662190219546531E-15 4.3860788172183785E-17 9.71521690802451E-11 9.31450260115311E-13 5.216702190036948E-15 0.0 1.1969628254680098E-17 0.011450364624755929 
0.1883883573907263 1.2420189979457212E-11 1.3304551192722672E-8 2.6492644739518722E-12 5.366851412446808E-12 1.1218703793466441E-7 3.8583103616545905E-5 9.742645207459754E-15 6.019735011733582E-10 9.634362247757646E-5 1.1173071008441453E-9 7.804444621275705E-6 1.3127244728065274E-7 8.285107170962635E-13 1.1361849134556424E-15 4.74915951601797E-13 7.293777971491364E-13 5.966097838698404E-7 0.0 1.4105530346596068E-11 1.3838352638595337E-10 2.1188860765685E-9 1.620317100916985E-9 3.110623012841157E-12 1.3807254111764184E-10 7.93569057819831E-15 1.4603898552252526E-13 0.0 1.0282243075420543E-9 7.205678806950337E-11 
0.2089712892058131 5.510185533962584E-15 0.0015561822540680862 2.394349560940647E-9 3.4992677742467385E-9 9.812367801718777E-16 1.1377973806899367E-9 6.6759642500419356E-12 5.0907081125287946E-14 6.129723725866165E-14 3.267064075726459E-10 2.4091997297823704E-11 7.053073677673895E-6 1.296158026175229E-12 1.1407298140576144E-10 2.0828120768800655E-11 9.41638230477462E-14 2.5584437113243643E-8 0.0 2.090006351384403E-8 1.624514905242795E-10 2.5357954374116613E-13 3.127755186525474E-5 4.3860788172183785E-17 9.17808698964643E-17 1.3746224107875867E-15 4.7050458946085655E-11 0.0 8.698082509402836E-9 9.901721590466793E-8 
0.8264536625023056 1.2815203372884875E-11 1.566168843528434E-7 5.844620329230455E-12 1.0784286358580597E-16 9.495973729032962E-10 3.811533070013527E-7 9.742645207459754E-15 7.546027210654347E-11 5.460628007821682E-6 1.6469431466176075E-11 2.3072029706350588E-10 1.0254343087276303E-17 2.7010556468938363E-9 1.1043996981483454E-10 1.5116778144418608E-13 2.1330393449766586E-12 0.0 7.187659247565885E-7 2.5903798713717884E-14 4.394307686140743E-12 4.005954107440113E-17 3.998170453038821E-11 4.3860788172183785E-17 1.533761351742981E-11 0.0 1.7389010337100593E-11 0.0 0.02569519286324463 3.80471108552109E-14 
0.6374885586905465 9.19436246636231E-14 0.0 3.400519141051187E-14 3.978945132428396E-11 8.55418132213959E-15 5.921495479225834E-14 1.279461684698497E-13 2.3305064874189336E-8 2.112488186485151E-5 8.03038039989859E-7 5.592274883602883E-9 7.542420358961554E-15 5.523731763289697E-16 3.1789554690648134E-11 1.682930555243291E-13 7.3380806605451015E-16 2.925493423616669E-12 0.013887951889188566 2.934346283401571E-10 1.1781172182274923E-11 2.055781357119697E-13 5.168477696464942E-17 2.0622694129488372E-11 1.2824704735816502E-5 2.052168826453788E-11 1.3873604859917863E-15 0.0 4.1771867640847583E-14 6.340289248225948E-6 
0.4364581774473045 5.3490998432717354E-14 1.3349050870588546E-9 4.516802902172646E-14 8.246731030754791E-11 2.1264613166306844E-8 1.8639162306744457E-16 3.4287129264427177E-17 4.804857823637618E-11 0.0 6.728345523856595E-8 5.859372138956522E-17 1.0254343087276303E-17 2.0073204384850766E-18 0.0 4.745482844334186E-6 5.1047634045824164E-18 6.201097274652575E-10 0.0 5.491661590834246E-13 2.65791650820932E-15 3.303668529833868E-11 4.013642203097012E-15 5.008556600273751E-15 9.17808698964643E-17 0.0 1.539362301774211E-12 0.0 1.1969628254680098E-17 0.0 
0.6273165212884442 1.2063594386805586E-16 0.0 7.647612732928232E-14 1.230991248309644E-13 0.0 1.873488879451845E-9 4.182955135467984E-14 2.613404700517262E-11 6.261808865420543E-16 1.076707596555163E-9 2.2226085905132514E-10 4.1135490490910576E-13 5.0419005081696835E-11 7.296650255503869E-13 3.768476930383587E-10 5.1047634045824164E-18 8.519036528462951E-10 0.0 1.1019288341255618E-11 8.272314150049615E-11 1.922469696041723E-10 8.282718371925126E-12 1.6260237965244306E-12 1.3176877013830124E-11 5.82240921115601E-15 7.262471209097439E-11 0.0 9.440551495080666E-10 3.027606445371037E-11 
0.21789280151361812 6.434683315006031E-14 0.0 0.0 1.0784286358580597E-16 1.4300845290570024E-4 6.9327196874564565E-15 6.93181445187156E-12 3.8755233269082153E-13 0.0 5.930100994275801E-9 8.938353934007211E-10 1.0254343087276303E-17 2.0073204384850766E-18 1.4612399780727152E-9 9.10732036539512E-10 5.1047634045824164E-18 1.1943264018579197E-13 0.0 2.0638036354925398E-16 4.703828699995683E-9 2.0288309972838075E-10 5.168477696464942E-17 4.480506051162499E-10 9.17808698964643E-17 3.1675478377222934E-10 0.0 0.0 1.1969628254680098E-17 0.0 
0.43415062910241553 2.019318349885052E-15 1.0594314848874796E-14 0.0 7.835713693857059E-14 3.150470657225966E-16 7.318681263358665E-12 3.9391709335704654E-14 3.420673450031759E-11 5.997026916046836E-13 2.5676815236337243E-10 2.2011633586944507E-10 8.432440727988319E-16 1.0416528723123294E-10 2.793237756234276E-14 4.365176846256802E-12 2.3480028479221798E-14 1.0384842076620805E-7 0.0 1.120206237961843E-11 4.608605079185527E-17 3.3581002377994324E-10 5.168477696464942E-17 4.3860788172183785E-17 3.2095621191637976E-14 5.82240921115601E-15 9.684303266767152E-10 0.0 8.600409147673855E-10 3.027606445371037E-11 
0.216063791571513 4.580907157699844E-18 7.040712681160086E-10 0.0 4.021825655258231E-11 0.0 6.547810577185577E-9 2.830485688948189E-13 2.543853052409512E-8 2.905888013949019E-14 0.0 5.859372138956522E-17 1.2127664554979196E-16 1.6157358687617057E-12 4.185585912761628E-12 7.141344285924115E-8 5.1047634045824164E-18 8.927824176185453E-11 0.0 0.0 4.608605079185527E-17 6.426881926014018E-12 1.9884911584063574E-10 4.3860788172183785E-17 4.2519309613412696E-12 6.396876921600841E-11 2.0954927737176434E-15 0.0 4.7692537322474685E-11 3.160620612647187E-8 
0.20509708594224363 2.019318349885052E-15 1.1297765598234871E-14 2.0760572263187347E-12 7.820582023727893E-13 9.084667804013027E-4 7.547078824738839E-12 9.943188412984654E-13 7.737651626334538E-11 1.2631209431101954E-13 6.198502298360847E-8 3.061332191507045E-11 1.2127664554979196E-16 1.0253715649925101E-10 1.858155878071433E-9 8.01911980680939E-6 9.305736112282213E-14 1.5846763015253657E-9 0.0 1.2501835429952011E-11 2.932580078860255E-14 8.978628758426982E-10 5.089782056578569E-6 4.3860788172183785E-17 1.1235713943143387E-6 9.245280826916674E-14 3.4513146248119493E-12 0.0 1.634062439782793E-10 3.185991172212737E-11 
0.024764803538838226 4.580907157699844E-18 0.0 3.21062217057156E-13 1.0784286358580597E-16 0.0 1.8639162306744457E-16 3.4287129264427177E-17 0.014446141482515652 0.0 3.2555727977301337E-17 6.69067163836894E-14 1.2127664554979196E-16 2.0073204384850766E-18 0.0 1.8921961642821336E-17 5.1047634045824164E-18 0.0 0.0 8.075405934861151E-15 4.608605079185527E-17 9.853009473846542E-17 5.168477696464942E-17 4.3860788172183785E-17 3.245138033752332E-17 0.0 0.01440838754378351 0.0 8.09442953452677E-15 0.0 
0.41783935203746203 4.580907157699844E-18 0.0 1.062791657387298E-11 7.722556324776133E-14 3.112738783641181E-11 1.7479037793392882E-10 3.558583610709687E-13 2.6444251386598388E-12 0.0 0.0 2.696137206224853E-12 1.2127664554979196E-16 2.0073204384850766E-18 0.0 1.3287286886225827E-13 5.271124960852635E-12 0.0 0.0 4.2267971697844526E-13 1.1038450929073596E-16 2.790020165144749E-14 2.7839419457181398E-11 4.3860788172183785E-17 1.208394815087038E-15 6.325711052029562E-12 5.1033312675157275E-5 0.0 1.1969628254680098E-17 2.0273883156370846E-9 
0.8359878043284128 4.580907157699844E-18 0.0 0.0 1.0784286358580597E-16 0.0 1.8639162306744457E-16 3.4287129264427177E-17 5.056432632678258E-17 0.0 0.0 5.859372138956522E-17 1.0254343087276303E-17 2.0073204384850766E-18 0.0 1.29944264105337E-16 5.1047634045824164E-18 0.0 0.0 9.535806108673832E-17 4.608605079185527E-17 9.853009473846542E-17 5.168477696464942E-17 4.3860788172183785E-17 9.17808698964643E-17 0.0 0.0 0.0 1.1969628254680098E-17 0.0 
0.8240884290874014 4.580907157699844E-18 0.0 0.0 1.0784286358580597E-16 0.0 1.8639162306744457E-16 3.4287129264427177E-17 5.056432632678258E-17 0.0 5.021763887581843E-16 5.859372138956522E-17 1.0254343087276303E-17 2.0073204384850766E-18 0.0 1.29944264105337E-16 5.1047634045824164E-18 0.0 0.0 0.0 4.608605079185527E-17 9.853009473846542E-17 5.168477696464942E-17 1.0305810911408627E-11 9.17808698964643E-17 0.0 5.195500346134362E-15 0.0675710823192801 1.1969628254680098E-17 0.0 
0.6238870469375637 3.240942941197331E-16 5.687005187998653E-10 1.4126417217368306E-12 9.539034540706816E-13 1.188528709083024E-8 7.736382232236843E-7 4.941504804367339E-13 1.6095132330594864E-13 0.0 6.55035576240039E-8 7.762234524847398E-13 5.6542011429344154E-5 7.311944954201242E-11 6.162790009112922E-14 1.6334111192761335E-9 1.5199915800334903E-14 6.959385523688969E-9 9.699040438898107E-6 5.645197028237578E-10 3.8138651005931715E-9 5.068836897383397E-8 4.417317607243994E-12 1.1168154028803052E-11 2.350087860428766E-14 2.1633784301563828E-11 4.864336524385116E-11 0.0 1.1969628254680098E-17 2.8653934559245276E-15 
0.6343430631830778 9.957987916364582E-14 3.4352994527876036E-8 3.409996432976281E-11 1.0784286358580597E-16 1.6192933865380743E-10 1.3106673135546038E-14 2.615610159277803E-11 1.675160124868007E-10 2.096532954855476E-5 1.7602635639707503E-13 3.063781133759767E-11 6.361544537689038E-12 2.6996741910275774E-11 1.000929050692135E-13 9.459616715635711E-12 5.1047634045824164E-18 2.2813453303778135E-8 0.0 1.7604743998550788E-12 1.7297553857628123E-11 4.530929516043428E-13 5.168477696464942E-17 1.9957499234020613E-11 9.17808698964643E-17 0.009397598547258705 1.6824234040629422E-14 0.0 5.503358074935037E-11 0.0 
0.04423373010282737 5.531801653789238E-16 3.414557811120677E-8 4.1277164220301594E-10 1.0784286358580597E-16 1.6192933865380743E-10 1.3106673135546038E-14 3.347065521371252E-10 5.339146871018595E-13 3.579281425682753E-6 1.7602635639707503E-13 3.063781133759767E-11 6.361544537689038E-12 2.7429964023371126E-9 1.000929050692135E-13 2.0535756720808585E-11 5.1047634045824164E-18 2.3806743439161692E-8 0.0 1.7604743998550788E-12 1.7297553857628123E-11 4.752407620431119E-12 3.688315708081664E-15 8.295888058875214E-14 9.17808698964643E-17 0.009390979172685252 1.6824234040629422E-14 0.0 5.016558119389567E-11 0.0 
0.04372585358880435 5.531801653789238E-16 3.520194473057527E-8 3.9513440434985986E-10 1.189159897552293E-15 1.3228058735024284E-12 1.3106673135546038E-14 3.3758156625984196E-10 5.339146871018595E-13 1.1406246388591048E-7 6.292164098874069E-12 1.585511236760805E-4 6.753645354412028E-12 1.6104197429901024E-10 7.584768144813245E-10 1.1427970680380702E-12 5.1047634045824164E-18 2.3806743439161692E-8 0.0 1.625248545027853E-14 7.714335936008675E-14 4.752407620431119E-12 3.688315708081664E-15 5.350427057254587E-15 7.197003558910463E-13 0.009390979172685252 4.514707506523351E-14 0.0 2.5237478872754904E-12 0.0 
0.22103193198556714 4.580907157699844E-18 3.28448380288556E-11 0.0 1.0784286358580597E-16 0.0 7.536932060492892E-17 3.4287129264427177E-17 5.056432632678258E-17 0.0 5.021763887581843E-16 5.859372138956522E-17 1.0254343087276303E-17 2.0073204384850766E-18 2.1085640691986386E-12 9.069972375125358E-16 9.810707162179489E-11 1.873875484802687E-14 0.0 6.414225432853501E-13 1.4217196532654806E-10 9.931330817768467E-12 1.639372030823295E-12 4.3860788172183785E-17 9.17808698964643E-17 0.0 1.910118621944355E-16 0.0 1.1969628254680098E-17 9.703350917241171E-12 
0.4228152100673196 4.580907157699844E-18 0.0 0.0 1.321896357200704E-13 3.150470657225966E-16 1.8639162306744457E-16 3.944205796979336E-14 5.056432632678258E-17 6.102460133421294E-13 2.60899626107616E-12 0.0 1.2127664554979196E-16 8.586250397209467E-13 0.0 4.242682734239654E-12 2.9104800226465423E-16 0.0 0.0 2.0638036354925398E-16 4.608605079185527E-17 9.853009473846542E-17 5.168477696464942E-17 4.3860788172183785E-17 1.3770147053726672E-16 6.313327593574959E-16 0.0 0.0 1.1969628254680098E-17 0.0 
0.21037531506225116 5.510185533962584E-15 4.914302215103915E-9 6.918307160885885E-14 1.0784286358580597E-16 1.47350567657925E-14 7.541766579358845E-16 8.220767408100702E-16 1.4692311679277306E-13 0.0 5.021763887581843E-16 1.0570959850451517E-11 8.640626001747235E-15 1.0772131467659716E-9 0.0 1.29944264105337E-16 5.1047634045824164E-18 1.6719662807271806E-4 0.0 7.108794338129595E-13 4.608605079185527E-17 9.853009473846542E-17 5.168477696464942E-17 7.50508289320885E-15 9.17808698964643E-17 0.0 0.0 0.0 1.1969628254680098E-17 0.0 
0.8281727673007064 3.1145254831952585E-13 2.2415134701046206E-10 4.8006264580333974E-14 1.6028340655354393E-12 1.6424589596905157E-13 7.536932060492892E-17 5.1570275505092424E-14 5.056432632678258E-17 0.0 7.558287592199382E-10 1.3599958713671867E-9 1.0254343087276303E-17 1.3723131050042627E-10 2.6425441229007256E-14 4.710931416489319E-13 2.1931275596955926E-14 7.341927350675713E-14 2.6710397268099285E-9 3.897091604022327E-11 4.608605079185527E-17 0.002490206089140603 1.6223633684347589E-9 3.100870722708227E-12 2.276780587262732E-11 5.033075233184126E-9 7.936919917000828E-14 0.0 1.307653296223842E-15 0.0 
0.010114335986307454 1.7466308785046917E-15 0.0 0.0 1.886165401451E-12 1.2468069958171704E-8 3.1017812442022104E-13 1.5300222511543512E-16 3.0925629755824827E-10 1.9926735869336393E-12 1.6317318519393723E-7 5.624624699866127E-16 1.0254343087276303E-17 5.105202306619865E-13 5.176554009327978E-13 8.399118429685438E-12 8.048993204942181E-14 1.11338963032691E-13 0.0 0.0 4.608605079185527E-17 8.726217617556388E-12 3.201139642234677E-12 2.2108703893223872E-12 9.17808698964643E-17 6.032879292044245E-12 1.5529956817062718E-12 0.0 2.304983959501463E-13 1.777671326310344E-15 
0.05116874181882658 1.2576579927710641E-11 1.2974010612118493E-8 1.485658664431641E-12 2.1059489582750175E-10 1.1218703793466441E-7 3.0640254900573597E-10 1.1521646279059522E-12 2.492230747575124E-8 1.1229070168245481E-10 8.069844694585755E-7 7.804444621275705E-6 7.542420358961554E-15 7.294775732827925E-13 7.236363912252122E-14 1.5630093046389264E-13 7.3380806605451015E-16 3.3912462470236696E-13 0.0 1.2247717745261327E-11 1.3743031133043261E-10 8.73858717321783E-15 1.7418206358138278E-12 0.0017594259873667134 2.2702207968481127E-13 2.099362610356695E-11 0.0 0.0 1.035690800549069E-9 2.023482955121791E-8 
0.6496235749093558 4.580907157699844E-18 0.0 0.0 1.0784286358580597E-16 0.0 1.8639162306744457E-16 3.4287129264427177E-17 5.056432632678258E-17 0.0 0.0 5.859372138956522E-17 1.2127664554979196E-16 2.0073204384850766E-18 0.0 1.29944264105337E-16 5.1047634045824164E-18 0.0 0.0 0.0 4.608605079185527E-17 9.853009473846542E-17 5.168477696464942E-17 4.3860788172183785E-17 9.17808698964643E-17 0.0 0.0 0.0 1.1969628254680098E-17 0.0 
0.8278907495585409 3.008683989673163E-13 2.2415134701046206E-10 4.8006264580333974E-14 1.6028340655354393E-12 4.588360020319884E-15 2.795186712457437E-14 5.1570275505092424E-14 5.040515679225151E-10 3.871260286426438E-11 1.4795805767510612E-8 1.1388807813839855E-9 3.8342298637938686E-13 1.3723131050042627E-10 2.6425441229007256E-14 4.710931416489319E-13 2.1931275596955926E-14 7.341927350675713E-14 0.012248491542373622 3.977939176081207E-11 4.608605079185527E-17 0.002508490605805546 1.6223633684347589E-9 3.100870722708227E-12 2.011856840606873E-8 5.033075233184126E-9 1.2573258089096674E-15 0.0 1.0023583586913883E-5 0.0010521304809710114 
0.4138826907250966 8.261198516106107E-15 8.560899795303129E-9 2.387379695147015E-9 1.4621251020596845E-12 8.596788373407399E-12 8.094997678769824E-14 1.5211235683189966E-12 8.986158774409095E-12 2.848269701325324E-12 7.97406709889259E-9 3.262713410538324E-15 1.2127664554979196E-16 8.553422444829981E-13 1.529169280265035E-10 2.3233192170027847E-10 9.418973420087394E-14 8.315787471280229E-12 0.0 9.535806108673832E-17 6.191097483374535E-14 2.5565789138989667E-8 5.168477696464942E-17 3.242458307246104E-14 1.5086910847893347E-8 1.11028429884602E-8 1.3816458894622E-13 0.0 2.344878013051695E-13 2.637803121292554E-11 
0.42362771670970834 4.580907157699844E-18 1.0941862857756843E-14 0.0 1.3253066837274064E-13 3.150470657225966E-16 7.318681263358665E-12 3.9391709335704654E-14 8.050848696805932E-14 5.997026916046836E-13 2.396627953569877E-10 4.223712198894987E-14 1.2127664554979196E-16 4.9128911478279056E-11 0.0 4.367046672778557E-12 2.4092115254950958E-14 1.0057241538653608E-7 0.0 5.826183337365141E-13 4.608605079185527E-17 2.05156193770812E-11 5.168477696464942E-17 4.3860788172183785E-17 1.3770147053726672E-16 2.6553954081707164E-14 1.2214114281288647E-11 0.0 4.527875418446934E-9 3.1959864339105656E-12 
0.8378406089350526 3.0119491758102796E-13 1.5485168382292266E-6 2.1377190703583025E-9 6.974470691469301E-13 4.235501183168799E-9 1.5791920081637167E-14 2.7379795229097307E-11 2.7260070137366837E-9 1.0351842441870735E-13 1.3858042526486446E-6 1.7688520105007918E-8 2.1229280219546362E-12 1.850630281828827E-10 6.346238179568115E-12 1.8616285225864208E-10 5.1047634045824164E-18 8.552784053836334E-14 0.0 2.036871106559485E-10 2.6607250073518066E-9 1.5962566804561865E-10 1.6459464266321152E-12 2.4165809027027945E-10 5.829650965984688E-10 1.9867223212148328E-12 4.573685062527041E-13 0.0 4.3843473216618924E-10 2.959799688005361E-8 
0.41892258613742894 1.1562349478490251E-11 1.8360501776655165E-10 1.509191849682027E-12 6.189138262877732E-8 1.2641968475483405E-9 3.283939903746541E-10 1.3641095956666038E-14 1.6741280832659236E-8 4.595166373152479E-9 7.719500050603119E-13 7.804444621275705E-6 1.2127664554979196E-16 4.1307240003981266E-11 4.392365628345934E-12 3.4902620395244835E-13 4.774728638759376E-16 2.936920012510748E-14 0.0 0.0 4.608605079185527E-17 1.0865231716567233E-12 1.90942138502457E-10 3.4327535392741444E-15 9.562307836711883E-11 2.569839094142605E-9 5.216702190036948E-15 0.0 1.9362687248594895E-8 2.6083706522845304E-8 
0.6200720992644742 1.2576579927710641E-11 1.2974010612118493E-8 1.4850904036523602E-12 5.315749161682571E-10 1.1218703793466441E-7 3.1083025784852305E-10 9.978021402243819E-15 2.4965057064292296E-8 1.1229070168245481E-10 5.707802111209401E-11 7.804444621275705E-6 7.542420358961554E-15 7.294775732827925E-13 7.236363912252122E-14 1.5630093046389264E-13 7.3380806605451015E-16 2.1701017293952127E-16 0.0 9.147615554108873E-16 1.3838352638595337E-10 8.73858717321783E-15 1.90942138502457E-10 4.3860788172183785E-17 1.0206147003952405E-10 2.099362610356695E-11 0.0 0.0 1.0840973806982926E-9 2.487289883438361E-8 
0.6209951575209863 4.580907157699844E-18 0.0 3.1346583071652206E-13 1.0784286358580597E-16 0.0 1.8639162306744457E-16 3.4287129264427177E-17 5.056432632678258E-17 0.0 0.0 5.859372138956522E-17 1.2127664554979196E-16 3.750610686670152E-16 2.2905287549380074E-15 4.36843125514913E-15 5.1047634045824164E-18 0.0 0.0 8.075405934861151E-15 4.608605079185527E-17 9.853009473846542E-17 5.168477696464942E-17 4.3860788172183785E-17 3.037479459991839E-14 0.0 0.0 0.0 1.1969628254680098E-17 0.0 
0.006434037754504157 7.957115612212728E-16 0.0 0.0 2.689873316154143E-12 1.2751211509957725E-8 1.5073370589698622E-12 3.1379073210498405E-14 2.7624582197305846E-14 3.977661739677809E-15 3.3179616403885086E-6 1.9365417020760524E-14 1.2127664554979196E-16 2.6736330226967613E-13 0.0 2.1306498530652826E-9 5.4465194897718284E-14 8.50596878533089E-12 0.0 0.0 2.414400991923489E-14 3.261524649462702E-14 5.168477696464942E-17 1.1375977820081656E-14 1.952722766989545E-8 3.2483299360243002E-12 3.6434008068631946E-14 0.0 3.1666045533353254E-11 2.3692779489014082E-8 
0.20328349640562726 4.580907157699844E-18 0.0 0.0 1.0784286358580597E-16 0.0 1.8639162306744457E-16 3.4287129264427177E-17 1.1003026358634229E-11 0.0 4.257890720947618E-15 5.859372138956522E-17 1.0254343087276303E-17 3.145118321916112E-9 6.2292316672743955E-12 1.0529949139471425E-15 1.3824707088594257E-14 0.0 1.154135965157381E-8 8.076086958967715E-16 4.374118834255096E-12 9.853009473846542E-17 1.5177328161144788E-17 4.3860788172183785E-17 9.17808698964643E-17 0.0 1.910118621944355E-16 0.0 1.1969628254680098E-17 3.8138917730132484E-14 
0.029484442462094862 4.580907157699844E-18 0.0 1.2561904772019227E-14 5.1231147680416186E-15 6.4193192126842E-14 6.855819260051787E-9 3.4287129264427177E-17 0.014956077781963187 4.197996324446098E-11 1.5608007983936873E-9 6.69067163836894E-14 1.2127664554979196E-16 1.5153213638513934E-12 0.0 1.29944264105337E-16 5.1047634045824164E-18 0.0 0.0 5.919611809532563E-13 5.3221726952194065E-9 2.819116059014532E-12 5.168477696464942E-17 1.235715243008871E-13 2.466796889937636E-9 1.0629720504707546E-11 0.01440838754378351 0.0 8.09442953452677E-15 0.0 
0.8348106674196154 2.971628968987969E-14 9.3552703112661E-9 2.1377190703583025E-9 4.2787495660214526E-11 7.629920099174446E-13 7.536932060492892E-17 3.4287129264427177E-17 8.983552596990101E-8 2.0723734248171127E-12 7.316008547106958E-8 1.1337164152644008E-11 4.9392424413976335E-11 1.763435068105285E-10 2.946521207876709E-11 4.93735751253815E-7 5.1047634045824164E-18 2.4058149540503214E-10 0.0 4.73167677579267E-10 4.492549617036493E-12 8.91507604814222E-12 1.8020753767499707E-9 1.854564221310324E-10 4.040702479801423E-11 1.9867223212148328E-12 3.842684148630266E-12 0.0 2.492588219560999E-11 1.1450199401542082E-6 
0.01982124079872634 6.414369105046953E-16 1.7007069843949795E-11 5.748358616477312E-11 4.578847181422284E-11 3.814806475864671E-6 4.224100337307263E-10 2.0823657426712683E-14 1.1852923181051538E-10 0.0 6.722885772547997E-8 1.5926080320842427E-8 2.4544443549783784E-9 8.402194853065378E-11 0.0 1.5013837399658134E-5 5.6268744145820835E-9 2.247537181283765E-10 0.0 5.491661590834246E-13 1.3764770569097475E-11 5.524688519578875E-13 2.9563507225321966E-10 4.3860788172183785E-17 9.17808698964643E-17 1.5622476371518975E-15 1.4590787848479063E-12 0.0 6.802983140764252E-11 1.7130620011089575E-5 
0.44313980852579093 5.1797497913229945E-14 0.0 2.4243636411538013E-9 9.494125664577343E-11 0.0 1.8639162306744457E-16 6.855274905602286E-15 8.965832697182556E-13 0.0 8.811278523069554E-10 4.2412683509516355E-7 1.0254343087276303E-17 2.0073204384850766E-18 0.0 6.569839402252841E-7 7.499254826116468E-13 6.306684896022279E-10 0.0 0.0 2.65791650820932E-15 9.853009473846542E-17 5.168477696464942E-17 5.008556600273751E-15 9.17808698964643E-17 0.0 1.910118621944355E-16 0.0 1.1969628254680098E-17 0.0 
0.05750684089719682 9.97258122307945E-6 1.5023658784516853E-9 5.598448487450045E-12 5.630258414511388E-16 1.8088891170847626E-6 1.4155962787250641E-8 3.4287129264427177E-17 0.0050916568309952275 0.0 7.229272814410524E-11 3.986609440860474E-7 1.0254343087276303E-17 2.609743658760163E-9 4.047166833943041E-12 8.222136538835924E-8 2.830532999337819E-14 6.052068846634652E-10 4.379674991812112E-5 1.5257741862910612E-15 5.344726058871975E-12 8.380011084594901E-11 1.9309751448537266E-10 4.3860788172183785E-17 9.17808698964643E-17 0.0 2.4047379099981198E-14 0.0 1.0676155751503899E-13 3.1062647795538925E-13 
0.22274633946694752 7.957115612212728E-16 1.084973377328147E-10 2.611210987261647E-14 9.669891193972026E-13 1.188528709083024E-8 1.0759391479853034E-7 2.19251728439835E-14 9.730910101398834E-12 3.977661739677809E-15 7.881696699248642E-8 7.762234524847398E-13 0.011791959321624048 7.226749296655711E-11 2.5239557392888843E-13 2.9648945128026134E-8 7.404661710278114E-13 5.931762808525873E-7 1.050800496670787E-5 5.693104014417786E-10 2.505334104075635E-14 9.240672000856732E-10 1.974108856027843E-14 1.750151038810027E-16 1.965424814031121E-8 3.27198152733117E-12 4.7016540475712296E-11 0.0 9.148895881686145E-14 2.8653934559245276E-15 
0.06628566802580671 4.580907157699844E-18 1.6597445218493443E-12 6.358772788253824E-12 2.6810016937673506E-14 0.0 9.72238535730093E-13 3.4287129264427177E-17 5.056432632678258E-17 3.082035807981578E-4 0.0 2.332917372631722E-10 1.8696666466653525E-10 2.0073204384850766E-18 6.247327526382791E-14 1.51911741151316E-13 2.307413655537318E-9 5.54335594893479E-13 3.4980401667906015E-7 0.0 4.1476187247060463E-10 5.638814891959756E-12 2.2424223663556656E-13 4.3860788172183785E-17 0.010762825534382167 3.9599730516454374E-14 1.802644187579195E-11 0.0 1.1969628254680098E-17 9.553928542177115E-12 
0.6284800566740889 4.580907157699844E-18 0.0 7.63203968250117E-14 1.206379106366667E-13 0.0 1.9474476442037184E-9 1.0643125980050658E-12 2.613404700517262E-11 6.261808865420543E-16 1.9094649012504306E-11 1.4248620629468424E-10 3.993939191615384E-5 5.0419005081696835E-11 5.027433066253114E-14 2.441202418081279E-12 5.1047634045824164E-18 8.519036528462951E-10 0.0 1.110985912678838E-11 1.1748286200219012E-12 6.691942854550366E-13 8.907519299399015E-14 6.81625006613865E-12 1.5501889748031032E-12 0.0 7.205294216454725E-13 0.0 9.685847075259E-10 2.5940227267062562E-8 
0.6192095144013933 4.580907157699844E-18 1.0941862857756843E-14 0.0 2.4871990406119762E-15 0.02454659585495922 7.318681263358665E-12 5.949099060609635E-16 8.050848696805932E-14 3.930031442183109E-15 2.4139106907484195E-10 4.223712198894987E-14 1.0254343087276303E-17 4.90658016000117E-11 0.0 1.912225349707623E-13 2.4218515355330495E-14 1.0057241538653608E-7 0.0 5.826183337365141E-13 4.608605079185527E-17 2.05156193770812E-11 5.168477696464942E-17 4.3860788172183785E-17 9.17808698964643E-17 2.6346981109132176E-14 1.2214114281288647E-11 0.0 4.527875418446934E-9 3.1959864339105656E-12 
0.07468037455924925 9.664645106259662E-16 4.642179875476166E-13 3.820735622231375E-11 1.0784286358580597E-16 0.0 1.3106673135546038E-14 5.170441655158815E-11 2.8047390750622438E-9 5.687841961713115E-9 1.5041955391293226E-6 1.2974682897495762E-7 5.319610453994779E-12 1.8737046548852086E-13 1.6788753611119707E-13 1.2611543832643246E-13 5.9544503925287306E-9 0.0 0.0 0.0 1.4503206923646573E-11 4.4968546151889413E-10 1.9200156176570685E-10 4.3860788172183785E-17 9.17808698964643E-17 4.184149676442397E-12 6.12123310128715E-12 0.0 1.4761651913005523E-9 5.509225585706388E-7 
0.07339053906665416 3.3549489603733253E-13 4.869404419577383E-6 5.263632962357943E-11 3.7738078413811453E-10 5.466304596609198E-6 2.4013138875568305E-12 4.402900509647998E-11 5.0709799092636767E-14 1.5344630904289586E-12 0.02550198312407887 5.741527100930515E-12 1.0978760184855595E-11 5.124739121023161E-13 6.675977159272458E-12 8.934936656573929E-12 4.007411586669632E-16 2.546901160818788E-9 0.0 0.0 4.608605079185527E-17 4.4176752130758884E-12 1.0631098191981247E-14 3.625058617307336E-16 6.9455650565554735E-9 2.1658060956812052E-11 9.479388932358253E-13 0.0 1.4374421150578863E-9 1.881837898256959E-9 
0.24841251813888715 5.531801653789238E-16 7.587677075741237E-7 4.509289508504264E-15 4.019051794280259E-11 8.104566252930592E-9 2.4589320868117986E-12 3.3948995655440093E-10 2.6574206459422402E-12 8.599687812530209E-14 1.3210066162512497E-10 3.00313243008529E-11 6.708145736283491E-12 2.0073204384850766E-18 6.446368588737854E-9 1.0184031543847292E-13 5.223792836777317E-14 1.1361290277113061E-11 0.0 2.0395288291260284E-8 4.608605079185527E-17 2.0474660891118023E-9 5.168477696464942E-17 7.524754594499987E-12 2.4748750603666E-5 2.6190763694217723E-14 4.501479498088641E-13 0.0 5.033682617398901E-11 3.7174534737596705E-10 
0.06248609798295388 4.580907157699844E-18 5.930766664137055E-15 0.0 1.0784286358580597E-16 0.0 1.0902784574403295E-10 3.4287129264427177E-17 5.056432632678258E-17 3.6578338325647447E-6 3.2555727977301337E-17 0.0 6.988088168937605E-13 2.0073204384850766E-18 0.0 4.1074682554201174E-13 5.1047634045824164E-18 0.0 0.0 0.0 4.608605079185527E-17 9.853009473846542E-17 5.168477696464942E-17 4.3860788172183785E-17 9.17808698964643E-17 0.0 1.910118621944355E-16 0.0 1.1969628254680098E-17 3.169471769977828E-12 
0.05135169882085683 3.2483351664656952E-15 1.1400541035765295E-5 3.2099855379957813E-13 4.7549916904026796E-17 2.126997427378752E-11 1.8639162306744457E-16 1.5300222511543512E-16 4.3518198046525864E-13 3.944067772047157E-11 6.660448960459942E-9 4.1975066016375163E-7 4.644454827935451E-11 1.6696108086752322E-14 1.4743031578789006E-9 3.1139625462158715E-9 5.838471019534792E-9 1.8569424581415976E-14 0.0 4.7488015276241424E-14 1.6695906036550431E-9 4.4586511808732565E-13 2.0818513778301838E-10 1.5044354787534E-12 1.1371607732558271E-5 3.2598298744430265E-12 3.175376498375271E-14 0.0 0.0028264316043712396 1.0026845313586263E-7 
0.015842203620080125 6.451904206362188E-15 1.7967261371924895E-13 2.0485663487769346E-9 4.383140443105709E-11 1.4399707287699544E-14 2.6037871633273E-6 3.4287129264427177E-17 1.5716804794836867E-11 0.0 6.722822542577667E-8 8.878119289422103E-13 1.0523005647737095E-4 7.247765459428359E-11 2.0435136408154945E-15 1.5637641297023131E-15 1.3155251991727664E-7 2.457976595321928E-10 0.0 1.493064356379434E-10 1.4439971325140297E-11 2.5177061883664895E-12 5.379077888310981E-12 4.3860788172183785E-17 0.006361732733888173 9.318950402268417E-13 4.6414159312688516E-11 0.0 3.555129967325272E-13 2.5951712882368204E-7 
0.005826663393602161 6.451904206362188E-15 1.7967261371924895E-13 2.0485663487769346E-9 4.383140443105709E-11 2.5328259079947934E-16 2.6037871633273E-6 3.4287129264427177E-17 1.5716804794836867E-11 0.0 6.864892315467272E-8 8.878119289422103E-13 1.0523005647737095E-4 7.247765459428359E-11 0.0 1.5637641297023131E-15 1.3155251991727664E-7 4.782534770438747E-12 0.0 1.1029185887659691E-12 1.4055311319997316E-11 2.498198727472792E-12 5.379077888310981E-12 4.3860788172183785E-17 0.006361732733888173 2.7408507776647727E-14 6.545444076628706E-14 0.001015367266545171 3.463815110486658E-13 2.5951712882368204E-7 
0.02706227276726475 1.003185937351771E-13 3.4352994527876036E-8 3.409996432976281E-11 2.0922932680764838E-14 1.5732535146639526E-4 1.3106673135546038E-14 2.5757646587788658E-11 1.675160124868007E-10 2.096532954855476E-5 1.7602635639707503E-13 8.84292697920944E-10 6.517628147139263E-12 4.605545143709071E-14 1.000929050692135E-13 9.459616715635711E-12 5.1047634045824164E-18 2.2813453303778135E-8 0.0 7.925768629433415E-10 1.7297553857628123E-11 4.530929516043428E-13 5.168477696464942E-17 4.5788840980798145E-10 9.17808698964643E-17 0.009578236222353587 1.6824234040629422E-14 0.0 5.503358074935037E-11 7.102006248983997E-16 
0.8475118457621301 1.2063594386805586E-16 0.018499518344565487 4.738513863177932E-8 1.8659183143813323E-12 0.0 7.691425510194132E-12 1.8395592699628132E-11 1.018601548637946E-11 2.053796678533056E-12 1.2671348580949178E-7 1.1750646818763142E-8 0.0014592410836515197 2.2932175974451707E-12 9.170820682084337E-12 5.691121702736126E-13 5.1047634045824164E-18 6.618109280647826E-10 0.0 0.0 8.294451175159724E-11 1.633920374743337E-13 5.9604502622593186E-12 8.604260155243608E-12 1.3070809091217474E-11 3.8433978747034896E-13 7.32879292487109E-11 0.0 2.9082644476659452E-12 1.1324726987360403E-6 
0.22541015040881657 5.510185533962584E-15 0.0033604118599199076 0.002454548155386385 1.763308767452926E-10 0.0 1.108097329456459E-9 2.64310097852111E-14 5.0907081125287946E-14 4.734260735530928E-16 2.738341070871095E-10 2.2855318274268537E-10 7.042260671462739E-6 2.899291155515681E-14 1.1407298140576144E-10 3.316925290075552E-13 0.008839233060511171 1.273534183228234E-9 6.694827661041754E-7 1.8840985284948225E-10 1.624514905242795E-10 1.6380712252273174E-16 3.127755186525474E-5 4.3860788172183785E-17 9.17808698964643E-17 0.0 7.494150062728117E-13 0.0 0.0040509188865649175 9.901721590466793E-8 
0.018136437181743903 3.086072977270976E-13 0.0 9.236494798859238E-12 1.0784286358580597E-16 1.589912013355263E-14 1.8639162306744457E-16 3.4287129264427177E-17 5.056432632678258E-17 0.0 2.2664234272084406E-11 5.859372138956522E-17 1.0254343087276303E-17 2.0073204384850766E-18 0.0 1.29944264105337E-16 5.1047634045824164E-18 0.0 0.0 4.7972638491449225E-14 4.608605079185527E-17 7.375317519588896E-14 5.168477696464942E-17 4.3860788172183785E-17 1.0524413562616162E-12 7.902849307965585E-11 0.0 0.0 1.1969628254680098E-17 0.0 
0.23421709042253835 4.580907157699844E-18 0.0 0.0 9.348512631077998E-13 4.804523806146261E-8 6.9327196874564565E-15 3.4287129264427177E-17 3.3956494689192534E-15 0.0 4.210582799371442E-10 5.859372138956522E-17 3.9468049550814864E-13 2.0073204384850766E-18 7.876202620807319E-11 9.451394503303343E-7 5.1047634045824164E-18 0.0 0.0 0.0 4.608605079185527E-17 9.853009473846542E-17 5.168477696464942E-17 4.3860788172183785E-17 9.17808698964643E-17 2.0719240184359546E-10 1.3873604859917863E-15 0.0 1.1969628254680098E-17 7.766032646668666E-16 
0.18526687351910043 9.488989063322985E-14 1.3304551192722672E-8 2.6101560425818653E-12 5.366851412446808E-12 1.135563167433821E-7 3.711552514691694E-5 3.4287129264427177E-17 1.024971589965709E-8 9.231628708859296E-5 1.0965053419593079E-9 7.804444621275705E-6 2.43423679588162E-6 8.434605002325133E-13 3.0371781626940925E-12 4.74915951601797E-13 7.293777971491364E-13 5.966097838698404E-7 6.309513095744146E-9 1.4105530346596068E-11 1.3886788450842848E-10 2.2717528410642063E-9 1.6061808243787797E-9 3.004389899576365E-12 2.465927630932073E-9 9.14228098697607E-13 1.4603898552252526E-13 0.0 1.0840973806982926E-9 7.205678806950337E-11 
0.4444185393170196 5.3490998432717354E-14 1.3737705832006335E-9 0.0 7.750305788495412E-11 1.6536032261263567E-8 1.8639162306744457E-16 4.798202154871342E-16 1.2270932018725024E-13 0.0 1.6757749895586706E-11 1.2075696339319702E-12 4.272580056027548E-14 2.0073204384850766E-18 0.0 1.2263483172840951E-9 5.1047634045824164E-18 1.8853284329398933E-12 0.0 1.081180618883434E-14 4.608605079185527E-17 3.339722524960916E-11 5.168477696464942E-17 4.3860788172183785E-17 9.37478402278268E-16 0.0 9.084644769130537E-10 0.0 8.553797882011271E-12 3.958432090996345E-14 
