0.8518328232682857 -0.7733690123258907 
4.9371485852644234E-17 0.9999999929735156 
0.8518328232682857 -0.7733690123258907 
4.9371485852644234E-17 0.9999999929735156 
0.8233320484945034 -0.45826843982707155 
0.6525114915456509 -0.4582633256580213 
0.6183968920254418 -0.12422014804417944 
0.4538817408219247 -0.12421844471868934 
0.4093136921292439 0.24216085368580104 
0.25776165679495233 0.2421610855426718 
0.08300086326925629 0.6696523565737776 
0.1822288144743414 0.6696518813498799 
0.8480169082791743 -0.7672500383707266 
0.04589372711016204 0.7404321146386177 
0.2099981100315429 0.47686337585039357 
0.6212649395027172 -0.17305392349129556 
0.834173568170863 -0.6465033150037824 
0.20821467731632126 0.49055469631658855 
0.21081019291105804 0.47063388289725216 
0.6282090370573847 -0.2792590125016705 
0.6186932066853458 -0.12933179059263364 
0.4216442365406421 0.08554084922665588 
0.4099865597555138 0.2331700554988224 
0.026420487204790864 0.817959263445347 
0.19699315146170163 0.5747417832789322 
0.2438113717403359 0.2670095406920345 
0.4261021980840919 0.03568492341218264 
0.20946417609605483 0.4809618785328456 
0.24161333763423778 0.27518273692886797 
0.8493431825049376 -0.7707605378977085 
0.03425450504626745 0.7847718395457212 
0.1999647313611329 0.5530473981028997 
0.03138136852247199 0.7966877426851755 
0.6409714718924863 -0.4159646159713907 
0.43824736583023566 -0.07071604987739046 
0.8239902042192689 -0.4716142938243638 
0.24058276139891413 0.27937716208527097 
0.21896343802522178 0.4091970969915029 
0.05257666100967852 0.7182995624170294 
0.8286691653161649 -0.5597756802335522 
0.19657284534486003 0.5777582255548475 
8.966321238232378E-5 0.9905306813733281 
0.4104428893515588 0.2291304520791507 
0.25237907860834824 0.24595207443576877 
0.20868775962809222 0.48692298951119395 
0.8235356915411131 -0.46242073178523285 
0.07454193876086107 0.6735141715830161 
0.07310276729767025 0.674945935462871 
0.8318399160463922 -0.6121477623505304 
0.03039295100193823 0.800857186986034 
0.43284690791732816 -0.02941652081964424 
0.012570892135300882 0.8830481839751162 
0.8352698953434085 -0.6613492102198669 
0.41703291659091113 0.14200354444493637 
0.4104467450314234 0.22703785488790776 
0.187076595631851 0.6413601977903507 
0.4264753204271817 0.03173744540018739 
0.6284534092278198 -0.28263901870089303 
0.44894957398320967 -0.11874183922978233 
0.8473150633725186 -0.7647997586221462 
0.25372169483679363 0.2443026232320348 
0.23876287592393536 0.28732930165068343 
0.02577736097457578 0.8207796976410063 
0.8373490250924777 -0.6871488365710401 
0.6375580265646272 -0.38794291036653206 
0.6405230362793494 -0.4126704169466673 
0.6383950696734207 -0.39543202944904576 
0.02830610757615319 0.8097730769296495 
0.20039850186169988 0.549832304067785 
0.22642660920558513 0.3570369644637798 
0.6448096298046009 -0.4392327115370177 
0.011964624668490964 0.8862249669781862 
0.19132138363860038 0.6141162878820682 
0.8242136431665432 -0.4760662166165273 
0.8343931168398373 -0.6495439917855982 
3.9663467186242603E-4 0.980079368724763 
0.21316462122911162 0.45263395713585014 
0.2151805137944099 0.4373561732194905 
0.18655284711394704 0.6445691696914222 
0.43619691925189374 -0.05624085516168274 
0.8300264672078824 -0.5829688351526489 
0.051854940280075645 0.7205162858602953 
0.8338539784124125 -0.6420173648988263 
0.8274766464440728 -0.5384811641452568 
0.027695012922313078 0.81241256189973 
0.4303224055626767 -0.006671694814908499 
0.44309381678997056 -0.09835860212429685 
0.0011861777492163834 0.9655148785641877 
0.23319873494489896 0.31563227088846696 
0.4211413815754774 0.09144993145920248 
0.05434877523065096 0.7130295135756076 
0.029689072226578142 0.803847468276837 
0.24819720984564142 0.2540531464150449 
0.22752421387907673 0.3498818923068421 
2.6456493609854775E-4 0.9837323488761563 
0.4441567074972179 -0.10314474481274577 
0.6331725813230908 -0.34245916090066125 
0.1903617054586808 0.6204593789569453 
0.8288639947750529 -0.5631741311446761 
0.056242038228130176 0.7076818550274653 
0.001379073267238226 0.9628043954665533 
0.03284757131698757 0.7905681198362644 
0.6189352842692986 -0.13357615340757142 
0.6251729883336407 -0.23513877041377018 
0.20300210209441344 0.5303249221950045 
0.6392349203187193 -0.40254719574952463 
0.21131668371858134 0.46675258846321066 
0.6185121088733894 -0.12616183298884565 
0.04802362560793377 0.7329259789526231 
0.4412627135029056 -0.08901949719316289 
0.8357157878390519 -0.667145939801994 
0.8312594238533364 -0.6030379418605474 
0.6373546651305342 -0.38606412074443 
0.44204065535319 -0.09304136375464592 
0.824728873000919 -0.48632884518112085 
0.016505080594916594 0.8633480261109056 
0.41342710841611435 0.18774913021119474 
0.8298444504339738 -0.5799246351646062 
0.44174901790903465 -0.09163316421749194 
0.21594897739432656 0.4315661476030128 
0.1831328882907288 0.6646231148976323 
0.6459225891219706 -0.444323610670747 
0.005894217509404692 0.9221409734401167 
0.0578966070981371 0.7032587120903949 
0.014830388544736006 0.8715575677617339 
0.43245665363156455 -0.026036233843713393 
0.0160040969566691 0.8657809111444714 
0.4123365181390608 0.2020379122239339 
0.0030120053542084246 0.9448336746084876 
0.40978213854767553 0.23589842943704545 
0.03337645776977688 0.788380308391945 
0.42093617730947963 0.0938767106418531 
0.06472313224970411 0.6876704571634401 
0.03687119011760254 0.7742021086290489 
0.2453475902908972 0.26194264664650446 
0.4300896287940205 -0.004472456685829053 
0.8280916660624245 -0.5495684438652286 
0.21942346553814654 0.4058357811087251 
0.05140840810114289 0.7219076833875101 
0.2068038761480186 0.5013745557751166 
0.6215210557930365 -0.17728825803782355 
0.833067464353609 -0.6306786503102028 
0.4220141461872372 0.08180854329913477 
0.8326933986897813 -0.6251385359075903 
0.4270298760484196 0.025940056978954656 
0.41358412568357306 0.18570352325842956 
0.24969750589884113 0.25061779499453657 
0.44577166322482586 -0.10950577242540042 
0.6329286684003618 -0.339632777958903 
0.837134485290011 -0.6846323708205319 
0.8350491171781225 -0.6584285232886906 
0.6260207086972451 -0.24779551282365717 
0.4153968467943323 0.16230768184511157 
0.6290586429550846 -0.29059790721213463 
0.4156133226420659 0.1595358036232025 
0.05080022441442862 0.7238267766438327 
0.6240843455633929 -0.21840921518801643 
0.42235022220731755 0.07734675621194814 
0.2135661860921988 0.4501868911840234 
0.22065941161765235 0.396885593749595 
0.18537304814584815 0.6516664598272404 
0.6288519886742103 -0.288094864107185 
0.4193574872260567 0.1128275880766157 
0.4164222801438213 0.1492558745241475 
0.048732195564104214 0.7305527541236977 
0.42917260273592317 0.004353104508395887 
0.4343631278324286 -0.042059688470426224 
0.4399223667875737 -0.08132464006644784 
0.20618546698025733 0.5061087756051345 
0.6310839535040738 -0.3172989591043382 
0.8256735622345404 -0.5047279400340552 
0.018918006569654727 0.8518641421887813 
0.4173055278898261 0.1381444599114415 
0.22241314563689923 0.3844092458909411 
0.6276175753442008 -0.2709696608661533 
0.18360793856596602 0.6619338327085628 
0.02079696604858279 0.8431469639855766 
0.6303919190217161 -0.30849345647915277 
0.041989759325944356 0.7544187590014434 
0.6253688229271294 -0.23809913983965436 
0.8458261745145105 -0.7582532489199818 
0.45173738199429514 -0.12317876921335649 
0.20480199922319767 0.5166702729926029 
0.42382025423741304 0.06060951345070719 
0.2092160737653493 0.48286669424666 
0.8251926900075346 -0.49542204021921615 
1.9104745844185367E-4 0.9861768616017406 
0.826846971634115 -0.5269023971041442 
0.6306199754482404 -0.3108378256229188 
0.20266450057932228 0.5328724732927425 
0.4330906773147454 -0.03150211645619665 
0.4132085184773088 0.19060145301168877 
0.2246789098583376 0.368735612436682 
0.2432085259265862 0.2691444934768873 
0.4366060597057924 -0.05928235365370923 
0.07138363067151998 0.6769500968365418 
0.21547852981517132 0.4351029926457224 
0.42213652314266836 0.07980714218917694 
0.20892498001717763 0.4851029647328115 
0.626803753871213 -0.2593157132621264 
0.41379065868516135 0.18302607241382748 
0.41591764430813033 0.1556650256255371 
0.8292580043995185 -0.5699765025235302 
0.04529899508150442 0.7423585250477093 
0.01390869302662956 0.8761789696755825 
0.6222009662955101 -0.18842186311783776 
0.428939978840863 0.006632186550362793 
0.22334161440265876 0.3779875968050563 
0.4202998515891563 0.10146065110761286 
0.023815935931676413 0.8294736849244234 
0.6423270627062871 -0.4251772598691142 
0.4267763946431698 0.028580081906572973 
0.6308968552286267 -0.31489327979929754 
0.021576577203583358 0.8395792559400633 
0.8393152806914878 -0.7086139780079 
0.22782859634478575 0.34792582598253063 
0.6352561930597861 -0.3653494156596844 
0.44959282309033793 -0.12007287270263668 
0.82960813146506 -0.575941447366241 
0.21167132806350036 0.4640373195454922 
0.23512351825663516 0.3051954080981381 
0.6473578159789163 -0.449714401335563 
0.027121271553633197 0.8156500525160479 
0.8270460308817438 -0.5305823465797864 
0.22433702233068448 0.37106560361829866 
0.23001844929737839 0.33423044781203937 
0.6279302527282089 -0.27537088196009135 
0.06107706592395229 0.6954462751889514 
0.2071421289016802 0.4987825386236163 
0.1952026340858366 0.5874910391836469 
0.4107421865354721 0.2231091038080129 
0.002020686853283181 0.9549198405779978 
0.0361565394689203 0.7770605424550715 
0.6320480398230869 -0.32839378580487966 
0.1873614513458834 0.639637142449227 
0.6358845208693701 -0.37180317238286964 
0.6364114993104268 -0.37704886945446797 
0.019563697238446448 0.8488484776884488 
0.22866510463137135 0.3426142214276834 
0.21990457136793767 0.4023374385241863 
0.05993096745242096 0.698154212457434 
0.2209869796993937 0.3945344431319814 
0.6436864669548263 -0.43336701002725403 
0.6197210317552962 -0.1470785880206406 
0.011218099416198321 0.8902122448160346 
0.635064857633908 -0.3633374059091584 
0.4250594855137245 0.04691052948360038 
0.04744176760779929 0.7349000562987603 
0.6193618204860584 -0.14092864323721296 
0.8332713267932161 -0.6336581314017249 
0.18869269536061173 0.6312406327685411 
0.1885539905419097 0.6321217853246108 
0.4283888319761726 0.012147779267713134 
0.6294973342127125 -0.29677614194169344 
0.1991821565503723 0.5588188037779078 
0.6333576990366268 -0.3445838389575446 
4.040046188293536E-5 0.9936438129790126 
0.2355283104714138 0.3030844175963619 
0.40951552360222 0.23946105006115992 
0.43911633158472835 -0.07635549877070959 
0.03819997827497834 0.768947025197861 
0.826660930327064 -0.5234380579044484 
0.25534908070001605 0.24292714631842477 
0.00855543140157039 0.905232517482888 
0.6381975896678196 -0.39370072390616373 
0.6270715202196572 -0.26318233210841263 
0.22118812225434176 0.39309528757069906 
0.19102996027475483 0.6161861267938681 
0.4320678650621637 -0.022618419613559076 
0.21696551186878915 0.4239624056827576 
0.6343663160922399 -0.35585070570988386 
0.8399919191702238 -0.715324596485233 
0.25440101927261227 0.24364490744052003 
0.4247165426471658 0.05066349431962118 
0.8376044495566222 -0.69008439510628 
0.1917340218537446 0.6113579798222135 
0.4436134935390379 -0.10075760184987397 
0.038633797646263957 0.7672483415703949 
0.8335950937107137 -0.6383318721136945 
0.058436346158970365 0.7018679578229252 
0.8385686979367878 -0.70080594336328 
0.6401474095390913 -0.4098180485235529 
0.025422539538896366 0.8223421127695262 
0.6387919076044427 -0.39884389715839386 
0.22040519172984294 0.39871651172933353 
0.8402686845490738 -0.71796797978397 
0.411132877084539 0.21792368788260708 
0.24899458692017085 0.2521368484699256 
0.049558571457351375 0.7278288096363396 
0.8304369931938829 -0.589758393253588 
0.1932968983856294 0.6007498095231467 
0.18447929663529397 0.6569188558093234 
0.44624798814562683 -0.11116943995603693 
0.214845703741655 0.4398766461490966 
0.8290949900561968 -0.5671736189098718 
0.6317194980536213 -0.3251827084348026 
0.07537097571944396 0.6727916610595016 
0.044007418451938105 0.7469907013565368 
0.8258562473668525 -0.508229739119632 
0.8310948164584372 -0.6004148441626526 
0.42056351116092117 0.09830593983945073 
0.6366234145972713 -0.37911888736706284 
0.03193700150731027 0.7943593539746415 
0.6463302796059617 -0.4459860128189756 
0.22915770970264626 0.3395327179299683 
0.6231756786759969 -0.20410133787782997 
0.8316695911852606 -0.6094975421860828 
0.05674108974227337 0.7063226914044516 
0.4272623157072124 0.02410728443072896 
0.6368079803560018 -0.3808996840559938 
0.41978987386423827 0.1075890464184724 
0.22189845751631318 0.38804175385664846 
0.4176389295114736 0.13398223009971552 
0.0686293713581212 0.6808205982287456 
0.6302279953300547 -0.3063743964107036 
0.6307493727816373 -0.31293602797937586 
0.8396337861875585 -0.7118166463387696 
0.6388386286246784 -0.3992388652779323 
0.625837094009022 -0.2451157443972499 
0.4145510003179851 0.17317018825847727 
0.41524852092640413 0.1642004003310983 
0.0017993170695488336 0.9574799863081258 
0.84617636225687 -0.7599571698898464 
0.021928161835430865 0.8379790263083514 
0.0015566125859444724 0.9604742168684878 
0.8465030928804743 -0.7614560716431575 
0.6398177629650544 -0.4072470176364373 
0.05922441520449151 0.6998844028491459 
0.039329465951468745 0.7645431733363309 
0.6427300500078825 -0.4277438925648916 
0.04289676210045851 0.7510526731425646 
0.23208674101011212 0.32195071688254495 
0.8236407683668312 -0.46454431387866096 
0.6198808287299055 -0.14980183834626684 
0.41851120041334094 0.12318031656420433 
0.23416325541140065 0.31032113902626063 
0.6279302527282089 -0.27537088196009135 
0.8259838075398245 -0.5106650835013927 
0.6216981103401273 -0.18020272815831087 
0.6232982680415007 -0.2060498364955695 
0.23104837146262286 0.3280323365283876 
0.4161692128733768 0.15246131709294267 
0.07871704141026847 0.6706372029198829 
0.21571706045902156 0.43330837920788284 
0.42310341266738494 0.06870308547242596 
0.6226170226709538 -0.19515607170735932 
0.42173622737530914 0.08446497192310608 
0.6264233534957654 -0.25377480233212185 
0.6261583690327899 -0.24987841507477998 
0.8329431526475178 -0.6288479936593555 
0.6413132378307654 -0.4184002530139012 
0.43782956005115825 -0.06790168217323178 
0.8297270074355801 -0.5779484235346983 
0.6336394805748389 -0.3477843487266296 
0.4114661381612286 0.2135103504925214 
0.21036501407488295 0.4740480590684989 
0.005219200107523428 0.9269040271414538 
0.42488910253796297 0.04877140035918634 
0.8242726334254584 -0.47727376299773083 
0.028689070545523956 0.8081255450200792 
0.4182783100453026 0.12605164342000677 
0.22361349085825954 0.37603999722929965 
0.18503015560334615 0.6536944021800648 
5.2099201160418405E-6 0.9977174871777711 
0.4339916938702089 -0.03903570941624006 
0.6433233814075366 -0.4312974848610571 
0.8363461113758187 -0.6750876879203067 
0.6262848352771304 -0.2517416219307033 
0.6238952991260838 -0.215457882999932 
0.2010025734818419 0.5453370084218558 
0.04948534785536868 0.7280681071183939 
0.009997767512229805 0.8969223502324916 
0.19961766803015674 0.5556116817875126 
0.2465696192146938 0.25830386917763326 
0.6379239259373375 -0.39126513047193545 
0.6269311736126294 -0.26116030870624574 
0.006595031918784295 0.9174335356410651 
0.6418717512683031 -0.4222256395682265 
0.062089692245274504 0.6931570649584262 
0.00916467499772744 0.9016653402530131 
0.4178192903009922 0.1317381693378873 
0.020433348467332302 0.8452737499569991 
0.061558222295727175 0.6943463299886112 
0.04705588611208468 0.7362215596017138 
0.18481638375186848 0.6549683949501529 
0.8410134830928551 -0.724787089655863 
0.050371746312443864 0.7251951829963739 
0.8454347334058417 -0.7562296261467731 
0.6485667138033897 -0.4532457310967591 
0.019109556757311685 0.8509671805646102 
0.6322060028115921 -0.33108414628395194 
0.4139257636360755 0.1812687793616289 
0.20780403940741626 0.49370603724921086 
0.8315760782286287 -0.6080345501813873 
0.6497066290245679 -0.4557228478757368 
0.6206505003307546 -0.1628054869873896 
0.4480808811929161 -0.11665517923188455 
0.23818999871338697 0.28996997880836195 
0.21045642441007134 0.4733484673192281 
0.1857019120593383 0.649706625904464 
0.2323906642989293 0.32020348435676416 
0.4118074966025199 0.20899960554406807 
0.4286398915083841 0.009595841992612835 
0.20235115904920659 0.5352325629428436 
0.21287075116112567 0.4548736313396529 
0.2041787031738455 0.521563286004022 
0.8358833110096565 -0.6692865981559316 
0.23279350409355243 0.31791101787601234 
0.6199595296293764 -0.15114017473809602 
0.42526386025124974 0.04468813538624966 
0.828500881869315 -0.5568218697598796 
0.8283160903516196 -0.553558755672104 
0.8404450744003135 -0.7196218269131269 
0.6219713897398808 -0.18410746944332984 
0.43176303991005777 -0.01990404224211875 
0.07803176546371182 0.6709790418493716 
0.8253982583557583 -0.4994155085038451 
0.22305004495117414 0.379949748230318 
0.6236896640299416 -0.21223237626297614 
0.24461735592759087 0.2642837920096584 
0.45294906392731893 -0.12402139938850354 
0.20455041767063928 0.5185853683059996 
0.6192410749622186 -0.138852726323803 
0.624438780551065 -0.2239060639984149 
0.8328011775912569 -0.6267444671859745 
0.8338003044314318 -0.6412570500927546 
0.003295156541073596 0.9422560389916612 
0.8264961377250769 -0.5203530759838861 
0.836955959416059 -0.6825125455746462 
0.8322506730708326 -0.6174142256168187 
0.4119099615673359 0.2076476393066071 
0.4187705822888873 0.11999362750395616 
0.4452931012326097 -0.1077005815055103 
0.24220692442173725 0.27287061709476945 
0.035611559481347366 0.7792548953591028 
0.01697502883031693 0.8610838744718639 
0.22595888553758323 0.36013166644967815 
0.007533223798460456 0.9114400588739675 
0.04350497517486404 0.7488190946748019 
0.4189182592406915 0.11862921953771559 
0.22960685529863972 0.3367520688728095 
0.8428261319415848 -0.7384072604242486 
0.6266203180427143 -0.256652160951769 
0.039075122805624196 0.766017474330069 
0.42072383204272823 0.09639703538576035 
0.2163037071910938 0.4289065382010225 
0.20201273998439154 0.537776548594973 
0.6210533716245235 -0.16953966558486464 
0.8419840351204736 -0.7330233143920706 
0.0413390461869548 0.7568617253934088 
0.4096260018500433 0.2379842949147331 
0.8507881516941473 -0.7728199095052221 
0.8309326322921179 -0.5978132821747059 
0.19949596811247622 0.5565090973873376 
0.41498010455939094 0.16764462816599285 
0.2227373188989874 0.38213440902382995 
0.6445209971200581 -0.43781725401771276 
0.41962380652710907 0.10959832916628802 
0.6274284720438289 -0.2682873154901044 
0.21249115280930572 0.457770097918021 
0.8269130888734865 -0.5281217236899847 
0.42539236840135153 0.04330680415693413 
0.014283246912184855 0.874291191621194 
0.19000121220319083 0.6228154372500352 
0.23704571096814672 0.29544192744951087 
0.234482433307363 0.30860123615968704 
0.1859114272635059 0.6484505361081364 
0.43061039656731526 -0.009369504232809096 
0.23143083838613848 0.32577234142412503 
0.8416637019669118 -0.7303867278778798 
0.25142937080668004 0.24739675182404483 
0.21727379277736214 0.4216677668325279 
0.07982744579510567 0.670191689871044 
0.6296662893519426 -0.2990177573459274 
0.6201062156459872 -0.15362951302854805 
0.4148117143037227 0.1698101690188283 
0.23916935319377244 0.2854928687058224 
0.8430548196915897 -0.7412469876509338 
0.24461735592759087 0.2642837920096584 
0.8305551601746534 -0.591693030686697 
0.41508680328943887 0.1662770108557811 
0.18288062772698455 0.6660380402646605 
0.6482989799032302 -0.4525436598215403 
0.19205289498361003 0.609214046855098 
0.6454404156538939 -0.4422229709633992 
0.21865856748990684 0.4114331235637667 
0.0028036487030623186 0.9468038839821987 
0.41924592184047366 0.1141871793861131 
0.8244514119942418 -0.4808349451741682 
0.6293510981798558 -0.2948257783919486 
0.8379906744571651 -0.6944719193717603 
0.42453542498550756 0.05279572838748196 
0.06543693461090347 0.686302094212577 
0.41750024948915876 0.13571135149507196 
0.6254799208500408 -0.2397717993458596 
0.4369609562204608 -0.06183994001384003 
0.0235170942369565 0.8308105202241618 
4.8283145108539427E-4 0.9780192504611146 
0.8333589280622062 -0.6349297611686394 
0.8452425247228655 -0.7551013689305665 
0.017437357137666205 0.8588835593973748 
0.41096092108656246 0.22020444873961684 
0.8244151220611778 -0.48011340917593387 
0.6361763335531653 -0.3747221543428692 
0.42740487381644837 0.02206782341663466 
0.6345986272491321 -0.35836333171152013 
0.009569556742993535 0.8993420730342659 
0.4130847675063501 0.1922188984705634 
0.8248713304409994 -0.48913369147351005 
0.8378688461497081 -0.6931050312019548 
0.4147094283396435 0.17112737745354373 
0.24003090787140205 0.28171563400038263 
0.6421329415002568 -0.4239211860088508 
0.8335100719093002 -0.6371114773267257 
0.024666557058223834 0.8256859154671184 
0.832056032438684 -0.6154829226312453 
0.6196257208474836 -0.14545059865395465 
0.032447864490525856 0.7922285462601755 
0.8257626458899427 -0.5064381029026157 
0.014483461242853879 0.8732876645758177 
0.020138315632079122 0.8481888730853583 
0.4122892856816197 0.20495013907086956 
0.6248393551608674 -0.23006051458164567 
0.4236688513476424 0.062364121236601865 
0.6492729373959932 -0.4548783166244964 
0.048490313926752654 0.7313590504832568 
0.6286238459309793 -0.2849806802926415 
0.8348603106517272 -0.6559024202135906 
0.007810732560120964 0.909724218569832 
0.6207872911995966 -0.16509913756506076 
0.6228372560728694 -0.19869602219778845 
0.44505215122443464 -0.10680858650902864 
0.6370577094449927 -0.3832793471870227 
0.8279422152455516 -0.5466560540918618 
0.23059672908198123 0.3307304084853348 
0.43868511976554464 -0.07359329728071166 
0.8428021089183219 -0.7367209739800019 
0.04144780593251218 0.7564518620755216 
0.4408001878966199 -0.08644512000525292 
0.43866897344044925 -0.07348850729962626 
0.6250335117394075 -0.2330211012361952 
0.6335305102658211 -0.34655147675008896 
0.42662550362713497 0.030159138151811975 
0.004669990678247415 0.9309799820015766 
0.6515080398037164 -0.45793723377872947 
0.4425414009154579 -0.09568580461681506 
0.8390145557072319 -0.7055197750442427 
0.21372122313861086 0.4483991250184359 
0.08129273912977417 0.6698081547600897 
0.005033362597586438 0.9282612037353252 
0.21797821413110413 0.41644605373090215 
0.004325790869557394 0.9336431943440775 
0.029006211633831436 0.806765707809469 
0.6354668407467973 -0.36753669563398894 
0.4180578686659471 0.12877810292019493 
0.2043644956766133 0.5199994333024909 
0.4225326657949316 0.0752323215591769 
0.841479570991962 -0.7288256570987836 
0.0704722291905257 0.678141757348985 
0.01055247520784125 0.8938401743554971 
0.04432636767038367 0.7458376217215688 
0.6313399693959526 -0.3204978833134711 
0.4162234476418981 0.15177356643593695 
0.631258507882839 -0.3194837696907561 
0.4185946133231284 0.12215421571692378 
0.0021688803259298783 0.953281093253375 
0.43394187326921485 -0.038477136492701895 
0.23357025295573114 0.3135675365278333 
0.6467435693738927 -0.4475657766194761 
0.2215068526428504 0.3908221146764415 
0.05366344514755639 0.7150378557457222 
0.6442332405734497 -0.43633106878535166 
0.8384312585419023 -0.6993225856728456 
0.2177777951940535 0.4179302666677787 
0.8365257567825954 -0.6773084377315028 
0.8262853035862239 -0.5163839640708441 
0.6315165785986484 -0.32267880240052677 
0.21658539173637364 0.4267992485008404 
0.23629861329697463 0.2991506328313222 
0.8293607359811012 -0.5717345142081651 
0.2564508607287839 0.24238770828320055 
0.007021569478177961 0.9146689314297899 
0.4375168769012829 -0.0657518469973946 
0.0771000280021168 0.6715259108319911 
0.42770187201824966 0.0190286814932318 
0.2359657605329226 0.3008369208594951 
0.4275340068765 0.020743288281661873 
0.8306544137312436 -0.5933111218460749 
0.006801764441240699 0.916084798817434 
0.4240613466000556 0.05791487467189376 
0.6229811445992582 -0.20099124827632464 
0.018323622236059656 0.8546601542602541 
0.6416266695827593 -0.42057063658716437 
0.8284558521328691 -0.5559243706205871 
0.013462440590318994 0.8799866289990658 
0.6341603096653704 -0.3535923192114245 
0.22673119143241377 0.35503570876507656 
0.23086470797473974 0.32912572510705107 
0.6402995930932058 -0.41098228240218776 
0.4280644794164411 0.015352235340305928 
0.21677158034822824 0.4254087005863995 
0.05891923601848137 0.700645856166477 
0.19272539845334768 0.6046577318037547 
0.21228461980783198 0.45934754959858604 
0.20387435688840397 0.5237218699078662 
0.24702535771253753 0.2570360523929097 
0.6431179103194686 -0.43009124499452644 
0.23387670980792735 0.31188220629804114 
0.06343575205898316 0.6902673245173505 
0.22411668436314866 0.372574079619061 
0.008888940699965694 0.903268683058137 
0.6191420262168795 -0.13714659830503745 
0.06770110968538497 0.6823208205115923 
0.8250598025060665 -0.4928284285663259 
0.6287343179050411 -0.2858975243504344 
0.4287447150934738 0.008557583744316264 
0.04495361148005689 0.7435874705174473 
0.06275207702343014 0.6917129835613522 
0.8376997182696504 -0.6911729624771956 
0.624704785256412 -0.22799969404033502 
0.015278235528803308 0.8693399412667583 
0.1876730726779133 0.6376633368960796 
0.8360059790453438 -0.6708412996166414 
0.8444742261417282 -0.7507259045738646 
0.040746717511603164 0.7591199351357192 
0.23669365802113357 0.2971763025471085 
0.04466388504925084 0.7446239209963231 
0.19067670029495917 0.6183886644044141 
0.24182061907086427 0.2743666435819514 
0.20649423684590024 0.5037458334268813 
0.006212053461477185 0.9200380553022869 
0.2271390008611461 0.35237519141202084 
0.44098836669893143 -0.08750289920836565 
0.18940614858595595 0.6266718582915711 
0.20063783573601707 0.5480536980319983 
0.020139654583203548 0.8461765865616507 
0.03507751325090211 0.7814171024799388 
0.23782347273437365 0.29169476944530887 
0.42586456006224 0.03821833946194457 
0.6230390719517486 -0.20192472290779562 
0.2271107912949943 0.352558914529784 
0.6242463590374995 -0.22092241918418334 
0.07235911530123129 0.6757808571114126 
0.8354924529442426 -0.664260840834556 
0.250593813030469 0.24885633033470686 
0.04327900433791344 0.749646100530638 
0.001686935427793912 0.9588383204805884 
0.03976493568936479 0.7628616021475443 
0.8271915142281676 -0.5332662245116977 
0.839424766823168 -0.7097238632069963 
0.24043812395710462 0.27998388202685714 
0.41208254918013015 0.20537261387423303 
0.6346705784324517 -0.3591417025329915 
0.44342739255203945 -0.09991141550444183 
0.8245964896017572 -0.48371259786021004 
0.02504761571532721 0.82399780141045 
0.004821692824377414 0.9298340890050301 
0.41794223237445993 0.13021161878522286 
0.21141384130718816 0.4661596094553048 
0.6338658167079798 -0.3503255483989986 
9.94393196630805E-4 0.9684349397847651 
0.18620517710781084 0.6466796742281172 
0.05553906781879708 0.7096325382010401 
0.6341179368763525 -0.35094748433433726 
0.21389260342327415 0.44709721194759916 
0.41684588574073733 0.14391181459604785 
6.862776168791718E-4 0.9737883041448272 
0.8324794815402008 -0.6219280459030765 
0.25166318801224197 0.2470198387683087 
0.6506399969701758 -0.45713106910642565 
0.624546562936976 -0.22556812381818617 
0.6454404156538939 -0.4422229709633992 
0.006295238654419499 0.9194372029204868 
0.06042572540690201 0.6969701434349677 
0.06571651224476349 0.6857801928290875 
0.2054035077310251 0.5120840706121025 
0.19255736713783148 0.6058005151501876 
0.41250515021533757 0.19981381462449987 
0.8276299892516001 -0.5412295040183266 
0.004432788445049227 0.9328054932958036 
0.4466292841274223 -0.11243075458362077 
0.6234284133827848 -0.2081100246460372 
0.22966070628466734 0.3364207314143463 
0.030762407247198587 0.7992946291520965 
0.05553906781879708 0.7096325382010401 
0.00557924452602887 0.9243330323931356 
0.06965725552005236 0.6792819065379055 
0.45200446483879425 -0.12342091465589872 
0.6204748406760354 -0.15985559483655765 
0.826203461546822 -0.5148365424801086 
0.19622570457560368 0.5802389160603634 
0.19356273867547943 0.5989207487832432 
0.18912740631227629 0.6284640584984181 
0.8355008397495106 -0.6643698407849409 
0.6239400471408074 -0.21615768808888014 
0.8255124862071479 -0.5016247073440053 
0.84227663903783 -0.735360881825121 
0.012889139103494929 0.8813920154385331 
0.4336327072148209 -0.036067422393960144 
0.4140869868280931 0.17928729615465216 
0.41676833993286655 0.14488844334635786 
0.20144893030215877 0.5420037704108658 
0.250593813030469 0.24885633033470686 
0.00102070743977703 0.9680358306006964 
0.42939213537333687 0.002217444628611772 
0.20172888435277628 0.5399061946054119 
0.8429595509785615 -0.7405522908258633 
0.6205566506256912 -0.1612315463378443 
0.8249088739511032 -0.48987133929522586 
0.21955430207441973 0.4048826667631132 
0.18988721925644125 0.6235573644895641 
0.8418685519971932 -0.732082120474982 
0.4404727149128782 -0.08457075412128544 
0.43159473506530127 -0.018392383343010764 
0.43674318710076193 -0.06027611507355975 
0.20112448666119473 0.5444273477515903 
0.2425287464872024 0.2716492308616936 
0.4476140003865519 -0.11446479348509891 
0.6265536273004475 -0.2556797160445265 
0.42960266579055395 1.8236201997093464E-4 
0.6215605944646919 -0.17794005560145124 
0.4356716364453873 -0.05232722055051248 
0.6325565897650686 -0.33497071256807887 
0.035035953077805077 0.7815858592031926 
0.06406059273622311 0.6889863278270711 
0.19485683921273841 0.589921683527238 
0.8381686588598829 -0.6964489559831576 
0.844917354415156 -0.7533628929614321 
0.8307739583848401 -0.5952516728872751 
0.01682651602732449 0.861796608144876 
0.003758176128095869 0.9382533501222466 
0.21827012184308936 0.41429144875537305 
0.8433946430583759 -0.7436658625010416 
0.037830960681909775 0.7703982881642534 
0.8280503468039861 -0.5485919573449892 
0.4129499787452056 0.19398184341312386 
0.19437415813199918 0.593296467212852 
0.41162654075826133 0.21138950496159237 
0.8400360291602651 -0.7157498438780702 
4.9375442448088686E-5 0.9929731572874041 
0.05724005169270968 0.7049852957722821 
0.8411843128386587 -0.7262903401123488 
0.6223635299602138 -0.19105865898292762 
0.6355577748735066 -0.36847374274771083 
0.6257456831957349 -0.24374469428923876 
0.07206604567828068 0.6762923043629141 
0.8362175990783116 -0.673497878112462 
0.0222722390272998 0.8364180258834848 
0.6477474185827795 -0.45095371624551517 
0.8406771239703399 -0.721374156875107 
0.44465141529972335 -0.10521082890690958 
0.20352501489906888 0.526369884288822 
0.18811574055909613 0.6348904777077437 
0.6203789871316638 -0.1582407437718977 
0.027372140408974455 0.8138248845397377 
0.41820159913492466 0.12699947432764735 
0.018323622236059656 0.8546601542602541 
0.06630339793691081 0.6847105174369831 
0.1977380926995211 0.569363996877317 
0.8346684683268609 -0.653309990365302 
0.03383454276483755 0.786494011577578 
0.002552376567399265 0.9492745078946839 
0.23578803803343512 0.3017457446683155 
0.22903400963610857 0.34030277953526633 
0.19838436901365902 0.5646613806021712 
0.43927069014740133 -0.0771955632856388 
0.642874185646304 -0.42862684383871585 
0.840785901013841 -0.7227491635010403 
0.8345646067609763 -0.6518956986229083 
0.42345693516387484 0.0646965736135551 
0.8413093876241229 -0.7273764716644981 
0.24612349400966343 0.2595910740214997 
0.19741707116023596 0.5716854456134397 
0.42563494098543325 0.040755289868567246 
0.015701305901445473 0.8672604308258535 
0.23264480367872759 0.3187772711995444 
0.43480415191645444 -0.04558827442520976 
0.43727743006572123 -0.06408128559453243 
0.4127010727936091 0.19724261768505505 
0.6393908697091379 -0.40382392809514345 
0.8238838275563155 -0.46947206597603136 
0.42984502427895666 -0.002143338876111699 
0.6291993621900851 -0.29279146143895707 
0.4336184698465609 -0.035814053944976325 
0.4504023872253933 -0.12148653808342869 
0.4502031966462875 -0.12116574985181712 
0.836125648524729 -0.6723475539545836 
0.4445333664604913 -0.1046926051705894 
0.41576051641387435 0.15765772537180162 
0.6225107510147422 -0.19344175239573902 
0.21191509272480738 0.4621723464706155 
0.22499297749378472 0.36660679628683124 
0.2302698901317141 0.3327024031687576 
0.00799951237652552 0.9085707277607388 
0.23727826431991408 0.29430914652266976 
0.4199752760414011 0.1053654359239498 
0.4256086874375126 0.04131407594280698 
0.2398244745300019 0.28260672910949836 
0.23484274459070173 0.3066771131940008 
0.22015103679999895 0.40055240687164984 
0.24567186496371013 0.26094272989035805 
0.43451696980869714 -0.043296970464860904 
0.002347467155530164 0.9513763692754903 
0.054855038273834866 0.711609623525848 
8.344799629375066E-4 0.9710907590325805 
0.19367153841573326 0.5981702580933188 
0.8273317908425311 -0.5358376842715782 
0.41130532662365354 0.21564682091851442 
0.6235841794274374 -0.2105714777362759 
0.6203063484783566 -0.1570150613478697 
0.8294623454936739 -0.5734669419490203 
0.632066701488124 -0.32940631815208987 
0.4258262246151841 0.038628421611169535 
0.2024632975009207 0.5343895252915087 
0.20776837758760203 0.49397965134818184 
0.20510952447501668 0.5143267478974787 
0.6379548242450082 -0.3915422342371188 
0.22574367120447808 0.3617514024746894 
0.19745941487590485 0.5713794064652415 
0.06695695411809437 0.6835608775790291 
0.8271566771723479 -0.5326258583302824 
0.826070798780324 -0.5123203317580958 
0.20509375049550665 0.5144470164822724 
0.2492601732118524 0.2515475247025151 
0.19595965952399574 0.582133315856004 
0.19898265298147005 0.5602855078741199 
0.4125588526958976 0.19910901133775666 
0.8505143668889011 -0.7719967534339122 
0.008288425552636813 0.906825304240112 
0.6190550103916733 -0.13564535493358787 
0.24731689014582142 0.2562522610317783 
0.19303615703035887 0.6025367187266699 
0.6194934165592652 -0.14318617455179172 
0.4353322629066332 -0.048861045030553045 
8.344799629375066E-4 0.9710907590325805 
0.8314125322370101 -0.6054616916139857 
0.04008847350937425 0.7616182501534169 
0.6272230534169839 -0.2653561419243428 
0.4232955334954195 0.06652209871160787 
0.07615508506001156 0.672177241900919 
0.8310051556839146 -0.598886949205426 
0.1908838814618226 0.6179980389909667 
0.41087659603156934 0.22132376186121472 
0.4227513416301011 0.0727238989099622 
0.22526740374356902 0.36475595671493294 
0.8289685589982657 -0.5649833436843588 
0.8277112273393039 -0.5427362001990119 
0.8350131000991422 -0.6564348584950711 
0.8314427802458768 -0.605616898415672 
0.23955595503828891 0.28377902647208164 
0.00393950043120711 0.9367482836455849 
0.010356751652475266 0.8949221184620292 
0.02927880711527274 0.805598675012991 
0.4278323904851202 0.01770105069985037 
0.6273343204912937 -0.26694593163117225 
0.024291054902924346 0.8273545350928784 
0.4371721220623356 -0.06333962912643436 
0.6370244961037645 -0.38293336243742093 
0.21211877040840266 0.4606149872429858 
0.4165880587075884 0.14716251705677444 
0.8246100261773213 -0.4839802909621189 
0.4244142572496533 0.05399590706941435 
0.4346633122370168 -0.044468942552790526 
0.625600046316241 -0.2415748157386857 
0.022810807761350957 0.8339844417937182 
0.4308740212219647 -0.011816179762507406 
0.6300838570237861 -0.30450067219872917 
0.00405816808208934 0.9357813721105438 
0.22383035599571097 0.37454221341853783 
0.19856273717540177 0.5633588563983432 
0.6395400100142177 -0.40503180416559964 
0.8273278073778043 -0.5357631859888181 
0.632612456964354 -0.3359009252087142 
0.4211228192856845 0.09166909434411503 
0.030762407247198587 0.7992946291520965 
0.19868994468405393 0.5624285918431787 
0.017914303021338923 0.856597469741203 
0.054855038273834866 0.711609623525848 
0.19577524907839633 0.5834429795863186 
0.03374281572513595 0.7868710768604193 
0.4173671380600407 0.13737395637106392 
0.4394951699572196 -0.07872265692664937 
0.8278479698456495 -0.5452017322463316 
0.22286455379398268 0.38124440375632973 
0.1863591153108896 0.6459418100639348 
0.2561603474466628 0.2424990959275013 
0.8283160903516196 -0.553558755672104 
0.4279394450776141 0.01661571113990566 
0.8441650039963445 -0.7488058557991698 
0.414146737061123 0.17839697482478542 
0.4321998747750452 -0.02378449710773168 
0.22164600820513713 0.3898326420080203 
0.4310794458974899 -0.013672049420765066 
0.06258709583674094 0.6920842770715565 
0.6414936915216841 -0.41936487456705823 
0.4128722119106007 0.19499984596855818 
0.19794248304054485 0.5678785823628212 
0.6275858853748273 -0.2705212285992128 
0.6362096274528084 -0.37505863541436346 
6.663970950327655E-4 0.9741713871093111 
0.18421788022353175 0.6584344826610468 
0.1918631316264835 0.6104912015451156 
0.8440065872124324 -0.7477879319265881 
0.005514424961769942 0.9247955311158342 
0.8261253914847324 -0.5133569710143567 
0.8303003527262596 -0.5875103675895038 
0.4323275869068378 -0.024907148933254398 
0.021179432499694728 0.8414794918192966 
0.6234868988505047 -0.20903651287851585 
0.42290287252010483 0.07098875096942292 
0.05324459238958694 0.7162838800456266 
0.22493740958061398 0.3671349734329799 
0.03730144289627119 0.7724918592379347 
0.2175896646792461 0.41932248378541853 
0.42430551365862995 0.055208763977636036 
0.42353095657213025 0.06386128972848629 
0.19296447255479335 0.6030268466050398 
0.20595523822526707 0.5079724465391681 
0.022411632936077674 0.8357873687660693 
0.6227583028150656 -0.1974288745589319 
0.8237395993256171 -0.46655839149508266 
0.21817411209684923 0.41499951430495724 
0.6246353185951261 -0.226916958979061 
0.4471354211050293 -0.11400786314347194 
0.42012127276195793 0.10359817055585892 
0.19886587045352616 0.5611402901987792 
0.8277889669270506 -0.5441392254664872 
0.4354331337159925 -0.05046583899476296 
0.43333626310728635 -0.03358296702848062 
0.8323742293085334 -0.6203371843309868 
0.4190613981091247 0.11643493024278068 
0.6243049207185353 -0.22183569501123385 
0.25776165679495233 0.2421610855426718 
0.838801877391848 -0.7032900474066965 
0.23155820514940045 0.32502485271420706 
0.011522911126788382 0.8885743600635873 
0.042353346617689025 0.7530635825959303 
0.20352501489906888 0.526369884288822 
0.4478292190445645 -0.11585232587321408 
0.04705588611208468 0.7362215596017138 
0.18912740631227629 0.6284640584984181 
0.6342298990234889 -0.35435763055697067 
0.20147291618537014 0.5418232200192584 
0.23471080815268894 0.30737823112661905 
0.01356769445678399 0.8779100675849993 
0.823849878730466 -0.46878718943078423 
0.8301675881404198 -0.5853137936575958 
0.43138398342029793 -0.016486572380242943 
0.43333626310728635 -0.03358296702848062 
0.20567476834274118 0.510012815210831 
0.19557491933170007 0.5848626339631939 
0.6220569749797574 -0.18607720454068538 
0.1982262059127593 0.565814514641477 
0.024291054902924346 0.8273545350928784 
0.19810067241017482 0.5667285264858594 
0.4350782242914154 -0.04774602897167851 
0.2303944957842063 0.33194867720893556 
0.41661907477894217 0.14676978817503206 
0.023194503634274832 0.8322577547691616 
0.4398037691216829 -0.08060948944556486 
0.6220850848286067 -0.18653548901068107 
0.20547378256681015 0.5116907549236234 
0.4425542449334944 -0.09574937753504036 
0.41126858924829257 0.21612535528144622 
0.2266879430944921 0.3553191047114737 
0.41907806772214584 0.11623142419514718 
0.44690776341542476 -0.11317567049931168 
0.06731533021540492 0.6829491805309776 
0.8253037186693828 -0.497581723703732 
0.037068503867192404 0.7734167796523673 
0.029463543548053417 0.804809260805931 
0.6357263884722595 -0.3701990384325299 
0.4127641782237285 0.19641527639659923 
0.013260423382941422 0.8811460114631607 
2.0832185016475546E-4 0.9855652777029861 
0.4311634002581265 -0.014403366735017128 
0.4232373035289967 0.06718227472169791 
0.8469012348110478 -0.7630517286728974 
0.01171111703814788 0.8875699327522264 
0.19540204034887312 0.5860845932508164 
0.6327745890254771 -0.337832333805231 
0.19459912416665406 0.5917262107320933 
0.22393409591777277 0.3738281241240372 
0.19231579634102444 0.6074383945414641 
0.20391890575769345 0.5233838998024837 
0.44050001897325464 -0.08472867288244612 
0.00977791399013814 0.8981600780927103 
0.8250240129781589 -0.4921283290516322 
0.0035222758074732324 0.9403221559253399 
0.4298108215876312 -9.228874903340465E-4 
0.6202196206439978 -0.15554942802432936 
0.010870761708414833 0.8920962779998879 
0.21851632621203398 0.412478593827895 
0.8255124862071479 -0.5016247073440053 
0.6348701750949652 -0.36128062948106826 
0.6510346901467526 -0.45755797831455547 
0.015554328125440109 0.8679812227510788 
0.43135502689991667 -0.016222216626851683 
0.0424860323986191 0.7525708140949813 
0.20326182965643477 0.528361820616139 
