3.2526065174565133E-18 1.8688745392667884E-16 7.381062779509531E-17 7.395823570121969E-17 2.4504943271314076E-17 2.8677794982319958E-18 1.9580330438108413E-16 0.0 1.46535882202869E-17 1.0923166883636715E-16 0.0 0.0 0.0 8.561097695608952E-17 1.164117738935811E-16 1.5818424069496256E-16 0.0 2.9427539171402885E-16 0.0 2.8851240019266586E-17 2.039780797598851E-17 0.0 4.0814207337218156E-17 0.0 8.320480008466861E-18 1.2921584442147793E-16 0.0 4.9267641721824354E-17 6.772388724177894E-18 2.517760521864442E-17 
1.0 1.8688745392667884E-16 7.381062779509531E-17 7.395823570121969E-17 2.4504943271314076E-17 2.8677794982319958E-18 1.9580330438108413E-16 0.0 1.46535882202869E-17 1.0923166883636715E-16 0.0 0.0 0.0 8.561097695608952E-17 1.164117738935811E-16 1.5818424069496256E-16 0.0 2.9427539171402885E-16 0.0 2.8851240019266586E-17 2.039780797598851E-17 0.0 4.0814207337218156E-17 0.0 8.320480008466861E-18 1.2921584442147793E-16 0.0 4.9267641721824354E-17 6.772388724177894E-18 2.517760521864442E-17 
3.2526065174565133E-18 1.8688745392667884E-16 7.381062779509531E-17 7.395823570121969E-17 2.4504943271314076E-17 2.8677794982319958E-18 1.9580330438108413E-16 0.0 1.46535882202869E-17 1.0923166883636715E-16 0.0 0.0 0.0 8.561097695608952E-17 1.164117738935811E-16 1.5818424069496256E-16 0.0 2.9427539171402885E-16 0.0 2.8851240019266586E-17 2.039780797598851E-17 0.0 4.0814207337218156E-17 0.0 8.320480008466861E-18 1.2921584442147793E-16 0.0 4.9267641721824354E-17 6.772388724177894E-18 2.517760521864442E-17 
1.0 1.8688745392667884E-16 7.381062779509531E-17 7.395823570121969E-17 2.4504943271314076E-17 2.8677794982319958E-18 1.9580330438108413E-16 0.0 1.46535882202869E-17 1.0923166883636715E-16 0.0 0.0 0.0 8.561097695608952E-17 1.164117738935811E-16 1.5818424069496256E-16 0.0 2.9427539171402885E-16 0.0 2.8851240019266586E-17 2.039780797598851E-17 0.0 4.0814207337218156E-17 0.0 8.320480008466861E-18 1.2921584442147793E-16 0.0 4.9267641721824354E-17 6.772388724177894E-18 2.517760521864442E-17 
0.4037497189939191 1.8688745392667884E-16 0.04631625247205947 7.395823570121969E-17 2.4504943271314076E-17 2.8677794982319958E-18 1.9580330438108413E-16 0.0 0.007072426466857477 1.0923166883636715E-16 0.0 0.0 0.0 8.561097695608952E-17 1.164117738935811E-16 1.5818424069496256E-16 0.0 2.9427539171402885E-16 0.0 2.8851240019266586E-17 2.039780797598851E-17 0.0 4.0814207337218156E-17 5.809535962501388E-7 8.320480008466861E-18 1.2921584442147793E-16 0.0 4.9267641721824354E-17 6.772388724177894E-18 2.517760521864442E-17 
0.723880244832299 1.8688745392667884E-16 7.381062779509531E-17 7.395823570121969E-17 2.4504943271314076E-17 2.8677794982319958E-18 1.9580330438108413E-16 0.0 1.46535882202869E-17 1.0923166883636715E-16 4.0242245459379266E-8 0.0 0.003501607713938177 8.561097695608952E-17 1.164117738935811E-16 1.5818424069496256E-16 0.0 2.9427539171402885E-16 0.0 2.8851240019266586E-17 2.039780797598851E-17 0.0 4.0814207337218156E-17 3.4548460849845997E-10 8.320480008466861E-18 9.346673349933247E-7 0.0 4.9267641721824354E-17 6.772388724177894E-18 2.517760521864442E-17 
0.5166836266883024 1.8688745392667884E-16 7.381062779509531E-17 7.395823570121969E-17 2.4504943271314076E-17 2.8677794982319958E-18 1.9580330438108413E-16 0.0 1.46535882202869E-17 1.0923166883636715E-16 0.0 0.0 0.0 8.561097695608952E-17 1.164117738935811E-16 1.5818424069496256E-16 0.0 2.9427539171402885E-16 0.0 2.8851240019266586E-17 2.039780797598851E-17 0.0 4.0814207337218156E-17 0.0 8.320480008466861E-18 1.2921584442147793E-16 0.0 4.9267641721824354E-17 6.772388724177894E-18 2.517760521864442E-17 
0.6707068620167962 1.8688745392667884E-16 7.381062779509531E-17 7.395823570121969E-17 2.4504943271314076E-17 2.8677794982319958E-18 1.9580330438108413E-16 0.0 1.46535882202869E-17 1.0923166883636715E-16 0.0 0.0 0.0 8.561097695608952E-17 1.164117738935811E-16 1.5818424069496256E-16 0.0 2.9427539171402885E-16 4.060980788360674E-5 2.8851240019266586E-17 2.039780797598851E-17 0.0 4.0814207337218156E-17 0.0 8.320480008466861E-18 1.2921584442147793E-16 0.0 4.9267641721824354E-17 6.772388724177894E-18 2.517760521864442E-17 
0.8973120048101915 1.8688745392667884E-16 7.381062779509531E-17 7.395823570121969E-17 2.4504943271314076E-17 2.8677794982319958E-18 0.0 0.0 1.46535882202869E-17 1.0923166883636715E-16 0.0 0.0 0.0 8.561097695608952E-17 7.869877868593776E-4 1.5818424069496256E-16 0.0 2.9427539171402885E-16 0.0 2.8851240019266586E-17 2.039780797598851E-17 0.0 4.0814207337218156E-17 0.0 8.320480008466861E-18 1.2921584442147793E-16 0.0 4.9267641721824354E-17 6.772388724177894E-18 2.517760521864442E-17 
0.8973120048101915 1.8688745392667884E-16 7.381062779509531E-17 7.395823570121969E-17 2.4504943271314076E-17 2.8677794982319958E-18 1.9580330438108413E-16 0.0 1.46535882202869E-17 1.0923166883636715E-16 0.0 0.0 0.0 8.561097695608952E-17 7.869877868593776E-4 1.5818424069496256E-16 0.0 2.9427539171402885E-16 0.0 2.8851240019266586E-17 2.039780797598851E-17 0.0 4.0814207337218156E-17 0.0 8.320480008466861E-18 1.2921584442147793E-16 0.0 4.9267641721824354E-17 6.772388724177894E-18 2.517760521864442E-17 
