32944.0 7246.0 1.5316939214821609E7 
33163.0 7466.0 1.5080102987942075E7 
32407.0 234.0 1.5339925986065753E7 
32842.0 -3113.0 1.5656088671020798E7 
32639.0 -11261.0 1.6474237337296002E7 
32551.0 -7909.0 1.5685016101528019E7 
33252.0 5009.0 1.5216973962922432E7 
31028.0 4896.0 1.5742788276272707E7 
32894.0 -9719.0 1.6456557230152294E7 
33636.0 -15588.0 1.7284721373219613E7 
31547.0 -7012.0 1.5895621603799656E7 
33334.0 -14542.0 1.69490500233969E7 
32465.0 -5485.0 1.5884149698522743E7 
32313.0 -11408.0 1.7099893452411067E7 
31561.0 14393.0 1.5071476856900753E7 
32120.0 3116.0 1.5689439046512533E7 
32235.0 7617.0 1.5363230402470415E7 
31545.0 -2638.0 1.6280404364680666E7 
32629.0 -9616.0 1.6276769556509797E7 
33469.0 -17854.0 1.7621686981309243E7 
32792.0 -12710.0 1.7216110911892977E7 
32869.0 -14288.0 1.6751226942054015E7 
33495.0 -9956.0 1.6303191882337801E7 
33603.0 -13931.0 1.6321758184497084E7 
