31709.0 -5488.0 1.4941145020684818E7 
31815.0 -7510.0 1.4966572175883785E7 
30154.0 -3086.0 1.5207168596447432E7 
30775.0 -2025.0 1.4973346034711558E7 
31699.0 -16307.0 1.535147703972632E7 
29852.0 1614.0 1.4979388783067701E7 
31780.0 -23740.0 1.6560039152184471E7 
30907.0 -9072.0 1.5601781388862107E7 
30886.0 -10833.0 1.583193703951234E7 
31248.0 -3789.0 1.4529160292025112E7 
31613.0 -16303.0 1.7309061096470196E7 
30016.0 4568.0 1.4498940576946791E7 
31817.0 -19154.0 1.6041860558093712E7 
31163.0 -3273.0 1.4933939448051605E7 
31047.0 -11816.0 1.5824762328717187E7 
30718.0 -13006.0 1.5896031151265845E7 
34464.0 -27416.0 1.9231959890839506E7 
30875.0 -1495.0 1.4615440361956965E7 
30268.0 1194.0 1.4274896035023395E7 
31060.0 -16058.0 1.501391967199384E7 
30639.0 -5391.0 1.51072748316687E7 
33269.0 -23817.0 1.725706696699336E7 
32188.0 -5147.0 1.4751469811674839E7 
30410.0 -1265.0 1.3798032989137994E7 
30952.0 -9826.0 1.5049574649851846E7 
