31949.0 -14591.0 1.604979080780952E7 
32266.0 -3059.0 1.4871068296359114E7 
30235.0 2412.0 1.4624590628130162E7 
31408.0 -3260.0 1.5391234073313031E7 
31872.0 -5763.0 1.5383388877790648E7 
32215.0 -12008.0 1.5456873816909326E7 
35060.0 -21084.0 1.8722900539558675E7 
32510.0 -16744.0 1.7362257119392317E7 
32579.0 -15793.0 1.643667528643315E7 
33188.0 -17746.0 1.6858139895246614E7 
31793.0 -5720.0 1.5344275714719716E7 
31498.0 -1705.0 1.5282225122160861E7 
30933.0 -11832.0 1.5398792162454845E7 
32548.0 -20271.0 1.7607861695176296E7 
32406.0 -5066.0 1.5208448231924482E7 
31933.0 -3218.0 1.5042116773096288E7 
33529.0 -19024.0 1.7498728124289785E7 
32167.0 -7044.0 1.5397215764998853E7 
32172.0 -4393.0 1.517700161044894E7 
32468.0 -6205.0 1.5148184924800506E7 
32809.0 -472.0 1.4738314052170744E7 
31430.0 755.0 1.4705951556985639E7 
