fnl4461_n4460_bounded-strongly-corr_01.ttp: 56.0 387094.0 581194.0 185707 251393.7790634856 229242.7093111202 138835
fnl4461_n4460_bounded-strongly-corr_01.ttp: 19.0 387131.0 585231.0 185707 249458.15578703835 235989.5818981463 265032
fnl4461_n4460_bounded-strongly-corr_01.ttp: 21.0 387129.0 581829.0 185707 250461.4184866402 231183.01411870372 132292
fnl4461_n4460_bounded-strongly-corr_01.ttp: 1.0 387149.0 581549.0 185707 250221.5471650692 231238.8339689031 104901
fnl4461_n4460_bounded-strongly-corr_01.ttp: 24.0 387126.0 580926.0 185707 252531.48642808065 227381.91900068714 120507
fnl4461_n4460_bounded-strongly-corr_01.ttp: 12.0 387138.0 580038.0 185707 250968.6320622465 228681.9151128549 146842
fnl4461_n4460_bounded-strongly-corr_01.ttp: 66.0 387084.0 581684.0 185707 249127.4935749025 232905.50899513654 170707
fnl4461_n4460_bounded-strongly-corr_01.ttp: 9.0 387141.0 577441.0 185707 248150.3730715618 230030.4776998135 132269
fnl4461_n4460_bounded-strongly-corr_01.ttp: 9.0 387141.0 580141.0 185707 249144.26749027224 231339.0255136189 163835
fnl4461_n4460_bounded-strongly-corr_01.ttp: 0.0 387150.0 577550.0 185707 246530.14089441774 232407.8027478152 206654
fnl4461_n4460_bounded-strongly-corr_01.ttp: 28.0 387122.0 584722.0 185707 251664.54796132763 232391.63285414135 183957
fnl4461_n4460_bounded-strongly-corr_01.ttp: 24.0 387126.0 584826.0 185707 247967.61094335077 237671.34467930894 260490
fnl4461_n4460_bounded-strongly-corr_01.ttp: 1.0 387149.0 585449.0 185707 252132.82939651777 232463.03884487512 157741
fnl4461_n4460_bounded-strongly-corr_01.ttp: 28.0 387122.0 581322.0 185707 251920.81575349323 228632.85794510948 127240
fnl4461_n4460_bounded-strongly-corr_01.ttp: 2.0 387148.0 585348.0 185707 249769.4089935437 235670.82740903884 202012
fnl4461_n4460_bounded-strongly-corr_01.ttp: 5.0 387145.0 575845.0 185707 249528.37704738675 226505.27213365858 124514
fnl4461_n4460_bounded-strongly-corr_01.ttp: 49.0 387101.0 582401.0 185707 246864.8830227863 236790.1637680992 243761
fnl4461_n4460_bounded-strongly-corr_01.ttp: 5.0 387145.0 581345.0 185707 249559.59412256524 231961.5682284087 199178
fnl4461_n4460_bounded-strongly-corr_01.ttp: 6.0 387144.0 582644.0 185707 248957.33195877157 234103.73525771982 171792
fnl4461_n4460_bounded-strongly-corr_01.ttp: 16.0 387134.0 588034.0 185707 251558.06748216925 235852.7055249631 250593
Batch run took 3509.0 seconds, averaging 175.45 seconds, and a score of 232122.19675060612 per run.

fnl4461_n22300_uncorr-similar-weights_05.ttp: 1435834.0 8746221.0 6549473.0 185707 293795.07371572615 1478570.027666566 576950
fnl4461_n22300_uncorr-similar-weights_05.ttp: 1436840.0 8745215.0 6548431.0 185707 293712.04363841057 1478961.1268010335 599800
fnl4461_n22300_uncorr-similar-weights_05.ttp: 1436849.0 8745206.0 6548338.0 185707 293710.80090625107 1478889.576358106 561089
fnl4461_n22300_uncorr-similar-weights_05.ttp: 1435827.0 8746228.0 6548980.0 185707 293745.8668405678 1478926.3383318 593431
fnl4461_n22300_uncorr-similar-weights_05.ttp: 1437859.0 8744196.0 6548272.0 185707 293710.365331811 1478831.0943729412 565277
fnl4461_n22300_uncorr-similar-weights_05.ttp: 1435836.0 8746219.0 6548576.0 185707 293733.4312281382 1478736.9770023338 534014
fnl4461_n22300_uncorr-similar-weights_05.ttp: 1436843.0 8745212.0 6548040.0 185707 293704.35208466614 1478702.8830186622 588923
fnl4461_n22300_uncorr-similar-weights_05.ttp: 1433826.0 8748229.0 6549855.0 185707 293796.6368999202 1478925.047107377 534448
fnl4461_n22300_uncorr-similar-weights_05.ttp: 1435838.0 8746217.0 6548984.0 185707 293744.01739994873 1478962.2596768849 563650
fnl4461_n22300_uncorr-similar-weights_05.ttp: 1435861.0 8746194.0 6548896.0 185707 293745.7547762479 1478844.2725619609 506996
fnl4461_n22300_uncorr-similar-weights_05.ttp: 1436836.0 8745219.0 6548062.0 185707 293706.0255506752 1478695.998995346 478499
fnl4461_n22300_uncorr-similar-weights_05.ttp: 1436839.0 8745216.0 6547549.0 185707 293670.87484900316 1478789.7001062054 548651
fnl4461_n22300_uncorr-similar-weights_05.ttp: 1436851.0 8745204.0 6547104.0 185707 293675.7467369334 1478260.6113205291 500530
fnl4461_n22300_uncorr-similar-weights_05.ttp: 1435833.0 8746222.0 6549147.0 185707 293768.0101742669 1478711.1443921532 573302
fnl4461_n22300_uncorr-similar-weights_05.ttp: 1436843.0 8745212.0 6548717.0 185707 293737.2756923925 1478811.6215493055 564816
fnl4461_n22300_uncorr-similar-weights_05.ttp: 1437839.0 8744216.0 6548393.0 185707 293712.4457742511 1478916.1859364258 532339
fnl4461_n22300_uncorr-similar-weights_05.ttp: 1436841.0 8745214.0 6548471.0 185707 293721.6032973711 1478836.1270873742 576212
fnl4461_n22300_uncorr-similar-weights_05.ttp: 1435839.0 8746216.0 6548598.0 185707 293730.27462452085 1478813.45998077 590088
fnl4461_n22300_uncorr-similar-weights_05.ttp: 1435832.0 8746223.0 6548364.0 185707 293714.8996120941 1478844.832695255 599802
fnl4461_n22300_uncorr-similar-weights_05.ttp: 1436846.0 8745209.0 6548013.0 185707 293704.8454961702 1478667.366736102 570256
Batch run took 11165.0 seconds, averaging 558.25 seconds, and a score of 1478784.8325848563 per run.

fnl4461_n44600_uncorr_10.ttp: 6708824.0 1.3535335E7 1.8858213E7 185707 268177.12402169197 5787259.975182733 599801
fnl4461_n44600_uncorr_10.ttp: 6706184.0 1.3537975E7 1.8919273E7 185707 268295.12235652516 5842568.736342963 599808
fnl4461_n44600_uncorr_10.ttp: 6685052.0 1.3559107E7 1.8916276E7 185707 268344.4893259732 5837165.590252066 599823
fnl4461_n44600_uncorr_10.ttp: 6711143.0 1.3533016E7 1.8887114E7 185707 267892.48939503776 5830034.066885859 599822
fnl4461_n44600_uncorr_10.ttp: 6695395.0 1.3548764E7 1.8916197E7 185707 268350.59274392924 5836789.109660888 599820
fnl4461_n44600_uncorr_10.ttp: 6723890.0 1.3520269E7 1.8904633E7 185707 267817.3708725858 5851214.343670167 599820
fnl4461_n44600_uncorr_10.ttp: 6672328.0 1.3571831E7 1.8928341E7 185707 268543.6843967243 5839521.822503658 599804
fnl4461_n44600_uncorr_10.ttp: 6703103.0 1.3541056E7 1.8888714E7 185707 267987.6401199219 5826996.420555007 599805
fnl4461_n44600_uncorr_10.ttp: 6702226.0 1.3541933E7 1.8927423E7 185707 268104.48777598864 5860010.265798314 599824
fnl4461_n44600_uncorr_10.ttp: 6679584.0 1.3564575E7 1.8947426E7 185707 268307.80018321885 5870103.819069913 599820
fnl4461_n44600_uncorr_10.ttp: 6707450.0 1.3536709E7 1.8884864E7 185707 267879.5939973002 5828412.588571588 599813
fnl4461_n44600_uncorr_10.ttp: 6685991.0 1.3558168E7 1.8930184E7 185707 268090.0196003832 5863476.444677323 599801
fnl4461_n44600_uncorr_10.ttp: 6701334.0 1.3542825E7 1.8899284E7 185707 268207.1198048904 5826868.98070964 599814
fnl4461_n44600_uncorr_10.ttp: 6697461.0 1.3546698E7 1.8927739E7 185707 268045.7418907534 5863189.54024468 599802
fnl4461_n44600_uncorr_10.ttp: 6705278.0 1.3538881E7 1.8916227E7 185707 268140.6628857976 5847051.090946224 599813
fnl4461_n44600_uncorr_10.ttp: 6664472.0 1.3579687E7 1.8959931E7 185707 268662.99872387777 5865296.442198196 599822
fnl4461_n44600_uncorr_10.ttp: 6698679.0 1.354548E7 1.8926448E7 185707 268314.2191748356 5848812.957418513 599811
fnl4461_n44600_uncorr_10.ttp: 6693221.0 1.3550938E7 1.890819E7 185707 268172.75191608415 5837450.071610058 599806
fnl4461_n44600_uncorr_10.ttp: 6662937.0 1.3581222E7 1.893348E7 185707 268532.08527738176 5845226.163580412 599821
fnl4461_n44600_uncorr_10.ttp: 6717299.0 1.352686E7 1.890026E7 185707 267964.31404604303 5839679.333395863 599822
Batch run took 12003.0 seconds, averaging 600.15 seconds, and a score of 5842356.388163705 per run.

