pla33810_n33809_bounded-strongly-corr_01.ttp: 4.0 2915211.0 4355111.0 66252058 9.130180114319265E7 1616056.9657042208 559863
pla33810_n33809_bounded-strongly-corr_01.ttp: 7.0 2915208.0 4367908.0 66252058 9.153503959778003E7 1621856.8120665993 504651
pla33810_n33809_bounded-strongly-corr_01.ttp: 4.0 2915211.0 4339311.0 66252058 9.095223478276595E7 1610743.9565170216 540861
pla33810_n33809_bounded-strongly-corr_01.ttp: 5.0 2915210.0 4341810.0 66252058 9.098495826011215E7 1612261.2521966356 544337
pla33810_n33809_bounded-strongly-corr_01.ttp: 17.0 2915198.0 4334898.0 66252058 9.106668994654463E7 1602897.301603661 462184
pla33810_n33809_bounded-strongly-corr_01.ttp: 4.0 2915211.0 4355411.0 66252058 9.125939267689383E7 1617629.2196931853 519712
pla33810_n33809_bounded-strongly-corr_01.ttp: 19.0 2915196.0 4365896.0 66252058 9.137283729795E7 1624710.8810615 503876
pla33810_n33809_bounded-strongly-corr_01.ttp: 3.0 2915212.0 4326412.0 66252058 9.07037286742302E7 1605300.139773094 482973
pla33810_n33809_bounded-strongly-corr_01.ttp: 12.0 2915203.0 4362003.0 66252058 9.118979586788929E7 1626309.1239633216 526564
pla33810_n33809_bounded-strongly-corr_01.ttp: 21.0 2915194.0 4364894.0 66252058 9.15554812479794E7 1618229.562560618 506571
pla33810_n33809_bounded-strongly-corr_01.ttp: 9.0 2915206.0 4353706.0 66252058 9.119425225834548E7 1617878.4322496355 531860
pla33810_n33809_bounded-strongly-corr_01.ttp: 9.0 2915206.0 4349906.0 66252058 9.111551036637844E7 1616440.6890086466 491707
pla33810_n33809_bounded-strongly-corr_01.ttp: 17.0 2915198.0 4365198.0 66252058 9.13251940546191E7 1625442.178361427 507219
pla33810_n33809_bounded-strongly-corr_01.ttp: 5.0 2915210.0 4373110.0 66252058 9.130939447412094E7 1633828.165776372 445175
pla33810_n33809_bounded-strongly-corr_01.ttp: 2.0 2915213.0 4347313.0 66252058 9.11953516936491E7 1611452.4491905272 422790
pla33810_n33809_bounded-strongly-corr_01.ttp: 17.0 2915198.0 4366498.0 66252058 9.127786427345103E7 1628162.0717964694 449481
pla33810_n33809_bounded-strongly-corr_01.ttp: 11.0 2915204.0 4375104.0 66252058 9.13712287709538E7 1633967.1368713859 447154
pla33810_n33809_bounded-strongly-corr_01.ttp: 13.0 2915202.0 4373402.0 66252058 9.144355691316715E7 1630095.2926049856 471216
pla33810_n33809_bounded-strongly-corr_01.ttp: 14.0 2915201.0 4361101.0 66252058 9.136407004796016E7 1620178.898561195 516998
pla33810_n33809_bounded-strongly-corr_01.ttp: 31.0 2915184.0 4354184.0 66252058 9.13731230482959E7 1612990.308551123 500916
Batch run took 9938.0 seconds, averaging 496.9 seconds, and a score of 1619321.5419055813 per run.

pla33810_n169045_uncorr-similar-weights_05.ttp: 2.5555231E7 5.1629563E7 3.1569645E7 66252058 9.778164919020388E7 -698299.2327672802 599848
pla33810_n169045_uncorr-similar-weights_05.ttp: 2.5180591E7 5.2004203E7 3.1758051E7 66252058 9.821763734213813E7 -653769.3229055814 599823
pla33810_n169045_uncorr-similar-weights_05.ttp: 2.5451328E7 5.1733466E7 3.1619915E7 66252058 9.793719666407813E7 -699359.8991457857 599812
pla33810_n169045_uncorr-similar-weights_05.ttp: 2.5435625E7 5.1749169E7 3.1650095E7 66252058 9.802941332393129E7 -699611.3968973272 599840
pla33810_n169045_uncorr-similar-weights_05.ttp: 2.5635628E7 5.1549166E7 3.1507163E7 66252058 9.781456470078176E7 -771643.3512579836 599862
pla33810_n169045_uncorr-similar-weights_05.ttp: 2.5589428E7 5.1595366E7 3.1644483E7 66252058 9.797089273524903E7 -685911.6026321799 599808
pla33810_n169045_uncorr-similar-weights_05.ttp: 2.5545554E7 5.163924E7 3.1616101E7 66252058 9.796973307853381E7 -713910.9159161597 599804
pla33810_n169045_uncorr-similar-weights_05.ttp: 2.5622263E7 5.1562531E7 3.1545054E7 66252058 9.787898932430117E7 -755012.4770193882 599845
pla33810_n169045_uncorr-similar-weights_05.ttp: 2.53043E7 5.1880494E7 3.173064E7 66252058 9.81090515084557E7 -645346.9977903813 599879
pla33810_n169045_uncorr-similar-weights_05.ttp: 2.5449237E7 5.1735557E7 3.1649067E7 66252058 9.80387236952731E7 -703711.8194401264 599818
pla33810_n169045_uncorr-similar-weights_05.ttp: 2.535285E7 5.1831944E7 3.1769238E7 66252058 9.80113639293621E7 -574512.0966894962 599839
pla33810_n169045_uncorr-similar-weights_05.ttp: 2.56151E7 5.1569694E7 3.1520147E7 66252058 9.78444411845407E7 -768518.5908984356 599845
pla33810_n169045_uncorr-similar-weights_05.ttp: 2.5367074E7 5.181772E7 3.1772031E7 66252058 9.808126952425905E7 -594787.9430054873 599830
pla33810_n169045_uncorr-similar-weights_05.ttp: 2.5401241E7 5.1783553E7 3.1694967E7 66252058 9.798526931154288E7 -640171.872809153 599856
pla33810_n169045_uncorr-similar-weights_05.ttp: 2.5453531E7 5.1731263E7 3.1607162E7 66252058 9.780690847173019E7 -669117.7956709638 599834
pla33810_n169045_uncorr-similar-weights_05.ttp: 2.5495041E7 5.1689753E7 3.1651409E7 66252058 9.801546482800426E7 -693694.3932414055 599851
pla33810_n169045_uncorr-similar-weights_05.ttp: 2.5545184E7 5.163961E7 3.15256E7 66252058 9.782952769684623E7 -758144.1399592571 599805
pla33810_n169045_uncorr-similar-weights_05.ttp: 2.5643002E7 5.1541792E7 3.1504256E7 66252058 9.783504952631345E7 -781310.3436834402 599833
pla33810_n169045_uncorr-similar-weights_05.ttp: 2.5174785E7 5.2010009E7 3.18415E7 66252058 9.837477929111284E7 -622177.1660672389 599850
pla33810_n169045_uncorr-similar-weights_05.ttp: 2.5711876E7 5.1472918E7 3.1476877E7 66252058 9.782201556980114E7 -804388.1380343772 599806
Batch run took 12002.0 seconds, averaging 600.1 seconds, and a score of -696669.9747915724 per run.

pla33810_n338090_uncorr_10.ttp: 1.31130723E8 2.2829326E7 2.597875E7 66252058 7.084016868092558E7 -4.061100856007004E7 599891
pla33810_n338090_uncorr_10.ttp: 1.31000515E8 2.2959534E7 2.592639E7 66252058 7.087996719427979E7 -4.0700779162622996E7 599860
pla33810_n338090_uncorr_10.ttp: 1.30921589E8 2.303846E7 2.5969378E7 66252058 7.089990634723E7 -4.06765339663962E7 599830
pla33810_n338090_uncorr_10.ttp: 1.31032648E8 2.2927401E7 2.5995808E7 66252058 7.090143761363518E7 -4.065154335681707E7 599817
pla33810_n338090_uncorr_10.ttp: 1.30948996E8 2.3011053E7 2.5911992E7 66252058 7.087948774613449E7 -4.071472648136642E7 599893
pla33810_n338090_uncorr_10.ttp: 1.31053973E8 2.2906076E7 2.5857182E7 66252058 7.085514211215971E7 -4.074665158543013E7 599820
pla33810_n338090_uncorr_10.ttp: 1.30968486E8 2.2991563E7 2.5929431E7 66252058 7.090375968867196E7 -4.072010310735164E7 599852
pla33810_n338090_uncorr_10.ttp: 1.31074016E8 2.2886033E7 2.5962528E7 66252058 7.087157508889756E7 -4.06567525835637E7 599845
pla33810_n338090_uncorr_10.ttp: 1.31040898E8 2.2919151E7 2.5798728E7 66252058 7.086760993002923E7 -4.081682533422747E7 599855
pla33810_n338090_uncorr_10.ttp: 1.31092783E8 2.2867266E7 2.5877075E7 66252058 7.085508807365339E7 -4.072670778923418E7 599852
pla33810_n338090_uncorr_10.ttp: 1.30987976E8 2.2972073E7 2.5969457E7 66252058 7.088752054905675E7 -4.0664812316113345E7 599840
pla33810_n338090_uncorr_10.ttp: 1.31010565E8 2.2949484E7 2.588912E7 66252058 7.088489205060764E7 -4.074267852757117E7 599890
pla33810_n338090_uncorr_10.ttp: 1.31046439E8 2.291361E7 2.5899937E7 66252058 7.085177941614573E7 -4.070073565117698E7 599874
pla33810_n338090_uncorr_10.ttp: 1.3094262E8 2.3017429E7 2.5959832E7 66252058 7.089163662396228E7 -4.067830642652454E7 599804
pla33810_n338090_uncorr_10.ttp: 1.31002826E8 2.2957223E7 2.5819464E7 66252058 7.088989010439092E7 -4.081703269812746E7 599812
pla33810_n338090_uncorr_10.ttp: 1.30921391E8 2.3038658E7 2.6020652E7 66252058 7.086740219723357E7 -4.059470606539956E7 599875
pla33810_n338090_uncorr_10.ttp: 1.30955372E8 2.3004677E7 2.6093345E7 66252058 7.089484648736836E7 -4.054781069812626E7 599801
pla33810_n338090_uncorr_10.ttp: 1.31065969E8 2.289408E7 2.5853162E7 66252058 7.08735066085116E7 -4.07679342120009E7 599800
pla33810_n338090_uncorr_10.ttp: 1.31042331E8 2.2917718E7 2.5891517E7 66252058 7.087774506361175E7 -4.0733563359795034E7 599886
pla33810_n338090_uncorr_10.ttp: 1.31038629E8 2.292142E7 2.5948149E7 66252058 7.087427757487002E7 -4.067367192037781E7 599866
Batch run took 12007.0 seconds, averaging 600.35 seconds, and a score of -4.069714419011465E7 per run.

