1.640247952212737E-17 0.9999999959500028 
1.640247952212737E-17 0.9999999959500028 
0.8518328158004468 -0.773369012324249 
0.8233318293913546 -0.4582639607270165 
0.6525112981276625 -0.45826332561933103 
0.6183969429899712 -0.12422103759183853 
0.45388170147228424 -0.12421844471186186 
0.2577634742024641 0.24216108563962752 
0.4093137381840927 0.24216023736159756 
0.18222876498857565 0.6696521533801886 
0.08300173259091191 0.6696523565518905 
0.43574166888580684 -0.05284935335053103 
0.04554375191453015 0.7414920094844011 
0.025832579265744254 0.8205369661384716 
0.23394109998933105 0.3115301709134082 
0.21457073619203143 0.44195617627404565 
0.6212880126522129 -0.17343628164203567 
0.4183693391759531 0.12492821490584721 
0.1940426696333583 0.5956016863194994 
0.23967186707947657 0.283271154548326 
0.41078826439193994 0.22249680429409438 
0.2300764201619303 0.33387730908768215 
0.19446979001949402 0.5926295288660544 
0.4151723354449676 0.16517701304919408 
3.453380796510398E-4 0.981412979286745 
0.8275848962049246 -0.5404486755390098 
0.04651056196265478 0.7381055646132771 
0.04492107446410368 0.7437036155265199 
0.01591382096639736 0.8662212480785833 
0.4192668515932268 0.11393043217821737 
0.6194876554776316 -0.14308656292690602 
0.21199293748623188 0.46157702214999174 
0.24495849467600894 0.26317470491105166 
0.015196477645267464 0.8697435042814261 
0.039420369854788584 0.7641913887031234 
0.6408622370531537 -0.4151750981258327 
0.07379821043799152 0.6742259862375557 
0.2431182332231398 0.2694712980914666 
1.550177456238755E-5 0.9960627631547841 
0.6317531175540511 -0.32559426487176846 
0.03883422075378762 0.7664666328003731 
0.6413970374010604 -0.4189861797214116 
0.41487240150187993 0.16902929172844067 
0.24587606905649623 0.26032564615662573 
0.23319304480780595 0.3156642658099957 
0.22341955606023506 0.37738116201749244 
0.43624447641970876 -0.05662880378944801 
0.6321948143793126 -0.3304991366640331 
0.8254538456960774 -0.5004914647555475 
0.6271711855293381 -0.26396132536644185 
0.6217179924332185 -0.18052933887153988 
0.4238323947223498 0.060473495488523044 
0.07272889284678527 0.6753546456617826 
0.01774572115718176 0.8573983009269938 
0.6340169132306017 -0.3520050041324198 
0.21511875718661613 0.4378147394641548 
0.41869260461872604 0.12095034732635397 
0.8371775917407643 -0.6851344990556896 
0.022932967971122237 0.8334340660388299 
0.4319935557138793 -0.021959514901929877 
0.03553609903780319 0.7795596843216466 
0.06831108681589354 0.6813196174798397 
0.06494327143013379 0.6872429707145492 
0.8416400050807701 -0.7301884749007079 
0.4352710617649862 -0.049248800599812716 
0.6229096779138671 -0.19985625042397273 
0.23059996907403096 0.3307109755172196 
0.24241116585140202 0.2720928385365548 
0.19624999385856756 0.5803354901876189 
0.228472642172818 0.3438756953169957 
0.4195956696767066 0.10993754835203598 
0.19491650036179897 0.5895030780639817 
0.8243974028942481 -0.4797608586260236 
0.05194209100764649 0.7202464813850848 
0.6231184639613265 -0.20319083772946758 
0.22691579523865146 0.353828721122583 
0.05276088477611418 0.7177400767963235 
0.8252376137665121 -0.49629668901251295 
0.8302986856860571 -0.587482867636029 
0.025011721868768308 0.8241565836913389 
0.07025066994923933 0.6784445217675021 
0.4104871470771243 0.22650017807944073 
0.8369000089607951 -0.6818433702594643 
0.8245798426057843 -0.48338274613054094 
0.4334589583924301 -0.0346148950807169 
0.6297715918136317 -0.30040810746923635 
0.41354783476950474 0.18617606191774372 
0.1935473374571323 0.5990268967303398 
0.1984102608031417 0.5644724435227232 
5.117354879434245E-4 0.9773702454486524 
0.04937495347038058 0.7284298206391442 
0.6232625027892996 -0.2054820864930839 
0.05717429747002241 0.7051603009394856 
0.21354882935176378 0.44970969274010186 
0.6246778828412431 -0.2275871176368952 
0.42754318356498633 0.020649355996108128 
0.0036296378859635714 0.9393405383813551 
0.008936581321535964 0.9029903834726518 
0.6210907301455206 -0.17016126139959806 
0.6431732044000695 -0.4304184208062644 
0.023567576704822957 0.8305844054893939 
0.8408063160132067 -0.7229336246755159 
0.19882544629826504 0.5614364622905346 
0.05521107489697734 0.7105567659394673 
0.6343476348698551 -0.35564682265034303 
0.18689943222362695 0.6424496044084959 
0.42349516559358613 0.06426496831308769 
0.6258362105048361 -0.24510258634472085 
0.43374798044798984 -0.036996374400734035 
0.2203506438877958 0.39911006586611647 
0.644651401852683 -0.43845634578059045 
0.42676476672600516 0.028701054080784986 
0.22391931183998548 0.37470926128233534 
0.8342804583769703 -0.6479878994171334 
0.20906943309689252 0.48399285616044524 
0.07508448729883176 0.6730328707638265 
0.022541922367814812 0.8351979918602705 
0.18642007876860023 0.6453884417883459 
0.08070304934527803 0.6699346291228645 
0.8323058784573906 -0.6193001253124013 
0.06329653543702235 0.6905579867337438 
0.442021743831543 -0.09305696724474236 
0.22964118208701623 0.3368232239415773 
0.6185906238033693 -0.12759540192582916 
0.6380513864541155 -0.3924046888330384 
0.6384203826491651 -0.39565235087645334 
0.009616171303897969 0.8990768539510634 
0.830493433540143 -0.590683565995251 
0.8414137486793118 -0.7282733189993852 
0.20608625238365608 0.5068676522836805 
0.011112987838934135 0.8907803615626715 
0.2101850003774895 0.4754291916721819 
0.44063539098529547 -0.0855072408963564 
0.6285226114665954 -0.2835731446646336 
0.41538919728245965 0.1623991320131003 
0.026383951498285624 0.8181191009418142 
0.8238969059444089 -0.46973575342913654 
0.6449792270303158 -0.44007716988683265 
0.0021517125958434268 0.9534681100958993 
0.003279049303345938 0.9423998242853387 
0.2033648203134093 0.5276099374470661 
0.6224175831403846 -0.19193554758249612 
0.4161122829193503 0.15318371642416825 
0.41670083892506926 0.1457385902379303 
0.8282201486010731 -0.5518565509279818 
0.1966643608743805 0.5771026346261402 
0.2346596255454862 0.30765157322586056 
0.6454869772403783 -0.4424310640067905 
0.22233632578792645 0.3849498148661176 
0.4340411769309494 -0.03943841422602112 
0.044197572908794204 0.7463025315721948 
0.18836587313349573 0.6333131114317394 
0.6296147022439282 -0.2983348224470579 
0.4137751525100201 0.18321856240337625 
0.020546408523276605 0.8442993957508528 
0.8358275832217488 -0.6685767277710403 
0.19728099920985043 0.5726679857708572 
0.8260772826718084 -0.5124435103911067 
0.4163322765081454 0.15039481048613615 
0.20146788124545956 0.5418609065694925 
0.21422137142433606 0.4446026213836841 
0.00807725693490191 0.9080987250774296 
0.22804897853039052 0.3465180104621382 
0.8237478739124631 -0.4667258385355907 
0.22007255272671525 0.4011202112788812 
0.037157945917687896 0.7730613536432733 
0.6300462517291294 -0.30367930743727833 
0.6311071961967023 -0.3175907244703827 
0.8381657746398419 -0.6964170951757076 
0.021034660754368162 0.8420563083676563 
0.8354836178744403 -0.6641459890094717 
0.6256230101935952 -0.24191883358057165 
0.6372383131346088 -0.3849788312712776 
0.21154202214059575 0.4650296670456365 
0.8349925405124949 -0.65767420743461 
0.05931966380310831 0.699650438622857 
0.23847438684128716 0.2886500654217599 
0.05423076281489163 0.7133725584857343 
0.4299733479468342 -0.00336754152090308 
0.2260714630073508 0.35938424999631324 
0.8352639494191839 -0.6612721889514971 
0.4225180407382413 0.07540055610428088 
0.20307612503154254 0.5297657102998652 
0.41018960869714766 0.23046243450462972 
0.21975490346810284 0.4034238311939139 
0.4111278063871041 0.2179909093441339 
0.4330468333023972 -0.031128477633480235 
0.843461389856569 -0.7441300948352538 
0.41779754725143337 0.13200841173988992 
0.007693289488998778 0.9104477583472789 
0.4164940109010828 0.14834903372016817 
0.004271988378161659 0.9340679329214371 
0.24366739026463907 0.2675120239665535 
0.6376083956792893 -0.3884046890659738 
0.620298000590798 -0.15687409225707366 
0.005305541210177567 0.9262809011952207 
0.4222794244404944 0.07815363090842575 
0.19906085398368417 0.5597099050310892 
0.6357418156404432 -0.3703561284360389 
0.19767601833956638 0.5698118021521961 
0.06588947180228788 0.6854612968901275 
0.24039307945013944 0.28017380126450786 
0.8426566628832874 -0.7382952382443648 
0.21095844523114754 0.46949742941915396 
0.2391093907973963 0.2857614224701328 
0.64413554165799 -0.43581489975632565 
0.05361627085758369 0.7151775026167467 
0.8250287671021129 -0.4922213693963215 
0.8367311598621818 -0.6798100286977716 
0.4507654701317021 -0.12202583519910976 
0.832595657317452 -0.6222104669269231 
0.424471484389047 0.05336341604537992 
0.8404862873319839 -0.7199995564332495 
0.06239599731247797 0.6924839979567541 
0.8399868915142257 -0.7152760271160492 
0.42049742311429306 0.09909433926967154 
0.43429647729303655 -0.041520845364069525 
0.8287266208765469 -0.5607802725289845 
0.6264426399702899 -0.2540572609004743 
0.1981642832350351 0.566265477093724 
0.4217627022286104 0.08415587813800765 
0.017169216954651068 0.860150365774887 
0.41585904831235165 0.1564026921832475 
0.20078814585469318 0.5469350238289993 
7.809303119526989E-5 0.9911627822707678 
0.630655155083988 -0.31186977770685964 
0.6406165646136759 -0.4133677882735727 
0.40974836996644737 0.23634941520376432 
0.4168813460165659 0.14346568183796307 
0.18795160530875898 0.6359213573419894 
0.835630155300298 -0.6660439357081966 
0.6303382318766293 -0.3078008309062303 
0.6197175043986024 -0.14701838700234127 
0.4308269548787947 -0.011380966576594487 
0.03638029337700144 0.7761850449653099 
0.03631229053231355 0.7764357140228489 
0.20748311992155447 0.496167881344406 
0.010140681492306944 0.8961228125804279 
0.4262474644505474 0.034143641277729564 
0.4347989964240633 -0.04554743597463052 
0.6334521307197092 -0.34566093716171997 
0.8476823007241404 -0.7661143463666916 
0.436721815434273 -0.06012169901391095 
0.8318856024045058 -0.6128553703424329 
0.0382246163359391 0.7688500874988049 
0.24199858887376208 0.2736733892548387 
0.018999137388509547 0.8514839859586121 
0.4345551077754724 -0.04360426241284338 
0.02019194961425655 0.8459347978509988 
0.6219311678808178 -0.18402234264175177 
0.43019979984391443 -0.0055154632623141304 
0.42606452139365725 0.03608559142937274 
0.6215408964702304 -0.17761542807821062 
0.44696225274640555 -0.1134807806182566 
0.41152088008594345 0.21278630255201325 
0.8398576125993289 -0.7140205810455093 
0.412531772891586 0.19946420661975628 
5.024908328249422E-5 0.992911261917106 
7.172911011478628E-4 0.9732015517606201 
0.0012520366969420854 0.9645666346477599 
0.06712131576977304 0.6832786848316461 
0.6219924019216174 -0.18502341811126105 
0.07670417505437917 0.671786907772975 
0.21050881887105227 0.4729455403785845 
0.19002528023523974 0.622658598880394 
0.2240871265156033 0.37277684156570096 
0.22305538256031088 0.37991256479991675 
0.22100322165108696 0.3944181070020056 
0.0010898628675360261 0.9672998440801266 
0.6378840005585618 -0.3909062723546167 
0.839012254167806 -0.7054959695372818 
0.22133434081464828 0.3920580770054909 
0.01070724428978681 0.8929900676625013 
0.031967865185787 0.7950954832353143 
0.20724363707428767 0.49921332684908737 
0.8320611741287108 -0.6155618951686403 
0.8328362055371002 -0.6268680065904035 
0.1835095417878666 0.6624934691070565 
0.833275311556775 -0.633716084641206 
0.22263062789759047 0.38288196079831377 
0.8428084905004745 -0.739435924417322 
0.8257961421904016 -0.507080048245392 
0.6324340477422683 -0.3338100296304433 
0.016613278806158205 0.8628250572838663 
0.05471868210308281 0.7119612089584014 
0.016284937796006968 0.8644148510808423 
0.4181151205922904 0.12806920250880377 
0.4096084004589984 0.2382194943999012 
0.8447785061893194 -0.7525564449094108 
0.4214501148574024 0.08803368200858368 
0.4176596157590604 0.1337245774120879 
8.285785016043795E-4 0.9711934729977074 
0.06205518774920005 0.6932334535660738 
0.4212300874945485 0.09040363071714132 
0.4209156184933129 0.09412261054923068 
0.2566933250747773 0.2423118941914231 
0.83476624221447 -0.6546344732979175 
0.21789952916655225 0.41702797714575196 
0.41228992367350054 0.20264271378019239 
0.4247080903532392 0.05075636414567133 
0.07160991697166413 0.6766680925162802 
0.8458982658111581 -0.7586122524661156 
0.41167531317601086 0.21074507847102367 
0.4462140736559177 -0.11105421478614562 
0.014308017457839554 0.8741668276233957 
0.21231977449576522 0.45919062405321814 
0.8273752722013448 -0.5366324553619357 
0.23803547765715682 0.29069397262142666 
0.6458381167796735 -0.4439660825656582 
0.18982997768592225 0.6239293587734788 
0.1997012493293384 0.5549959063697559 
0.25365941439766243 0.24436888979871496 
0.6400656229047643 -0.4091860623438997 
0.41720097869187756 0.13945335837803327 
0.2176989613560698 0.41851240096558856 
0.18405309203055475 0.6593850219655947 
0.027072353469187488 0.815124650183121 
0.05017991457406107 0.7258121492691705 
0.8278637553092726 -0.5454856458419275 
0.43053166362539286 -0.008634557856306244 
0.6305105555965329 -0.3100191774830034 
0.19219920230617707 0.608226756738761 
0.07857312842292125 0.6707047489549306 
0.4207423719811371 0.0961766185913164 
0.22568455861160075 0.36195939594111504 
0.18446770097021484 0.6569863288988044 
0.2444656913124475 0.2647852919905529 
0.6423774020967972 -0.4255307483164374 
0.21883911162359426 0.4101081568911383 
0.19595712549416044 0.58215134500516 
0.8313504412857 -0.6044808147082734 
0.6241791138338975 -0.2198836349853634 
0.4350677269177776 -0.04766420177984086 
0.4278435448182683 0.018571845611792093 
0.44454237821219456 -0.10476432220728686 
0.41705230944239424 0.14131759625293366 
0.2288238822281578 0.34161765007802736 
0.8306150963151556 -0.5926708955919576 
0.1826876745042583 0.6671142103004838 
0.43144526156955787 -0.0170421805335188 
0.633830991833666 -0.3499362716120005 
0.8362017614773524 -0.6733001945520976 
0.4326358585133544 -0.027594766878709896 
0.8279895097536968 -0.5477422008145458 
0.6361375953470276 -0.3743422620919489 
0.4105972082510632 0.22503612613180446 
0.04814300437643356 0.7325237573434282 
0.019790260562302875 0.8477954642759776 
0.07580596172395637 0.6724426819831113 
0.8392302417838983 -0.7077462905889709 
1.4573139132356694E-4 0.9879274071044852 
0.43702255538044643 -0.06227917219163 
0.42195742379739964 0.08188683238371977 
0.209915768538471 0.4774953244159402 
0.20456895324730015 0.5184443331913972 
0.8481888000676081 -0.7677776924921944 
5.890199836241332E-4 0.9757193671689766 
0.8280956024121355 -0.549638690380449 
0.6249033608775203 -0.23103813138180634 
0.6259788307053918 -0.24722208378372276 
0.24977798228455117 0.2504504579763586 
0.634973921868558 -0.36238205379763955 
0.42898030043636287 0.006235972068681271 
0.44565173694224913 -0.10907160148856261 
0.45163222442603684 -0.12307445541536964 
0.6490147553880696 -0.4543184061094609 
0.6266653935818309 -0.2573083060076961 
0.19785250447158867 0.5685319641224823 
0.6274994565610355 -0.2692960053683205 
0.8437910125271315 -0.7463701937132486 
0.6191617661726153 -0.1374859308895916 
0.2220086360369821 0.3872620404459886 
0.21672669738498748 0.42574372723337545 
0.40944902192482363 0.2405683279006049 
0.42585015046617686 0.03837243652710047 
0.011483643666899912 0.8888081220979218 
0.21123977757791698 0.4673416725504823 
0.6234625991470603 -0.20865241200850462 
0.18884996985126817 0.6302387058772284 
0.42157893322378814 0.08630470562483135 
0.22935949738267855 0.33827946829616046 
0.8377053069658783 -0.6912527853596627 
0.4425281763992681 -0.09561988495802595 
0.8251596816623685 -0.49477868819020954 
0.8373866684741208 -0.6875868925895453 
0.6397742292745048 -0.4069027799055719 
0.4415265012040972 -0.09044841012587154 
0.4364727451569184 -0.05830959116302117 
0.6250332205877429 -0.2330166727257385 
0.6198614934857763 -0.14947206356989856 
0.6332638523118135 -0.34350889967077325 
0.4155972300191822 0.15975362064797108 
0.4133626225481995 0.1885900456163966 
0.2355079776813315 0.3031897400275004 
0.22738727578675128 0.3507688778881164 
0.2084028657491684 0.48911014297030414 
0.43237535645916575 -0.024689042378369688 
0.20169337498118822 0.5401723305975515 
0.018160964556121317 0.8554288296286036 
9.655042403901339E-4 0.9688981560143699 
0.22438586454545684 0.37073194268814813 
0.20636928466576088 0.5047022759520752 
0.026721075317339846 0.8166460152815017 
0.005623788247962114 0.9241045026341841 
0.20852914909273057 0.48815413628779225 
0.21631364683815413 0.42883208391397376 
0.19559278885538162 0.5847359392179464 
0.6329586545871855 -0.3399821334630167 
0.4500972782249681 -0.12098568578991017 
0.42337884709509394 0.06557898159840617 
0.6205002356013708 -0.16028293677562158 
0.8462324006211098 -0.7602204910322615 
0.6268897260764801 -0.260561567349109 
0.2440845474343716 0.2660690893292267 
0.2106940408506609 0.47152446241803314 
0.4211585473641266 0.09223510081238283 
0.8387679900034826 -0.7029315875270107 
0.06976816411922479 0.6791225499278705 
0.843979322171658 -0.7476106916816633 
0.21565438292976827 0.43379283708817723 
0.8420485503544934 -0.7335445280877273 
0.053179310316140704 0.7164793510225308 
0.042938567071658974 0.7508974706844073 
0.8375049743419372 -0.6889567589387031 
0.08174733511287369 0.6697361917268172 
0.42400793533673226 0.05851063242768909 
0.8264571868263493 -0.5196216684041952 
0.8379201059842648 -0.6936815040198875 
0.41471216771547714 0.17131129920858115 
0.19153416236768012 0.6126962365651986 
0.05790770633986765 0.703229877545961 
0.25492792427963085 0.24321713065143172 
0.4495889631814137 -0.12006182016610825 
0.1911700576260585 0.6151232305781912 
0.004064214849201608 0.9374775852848592 
0.6208220217254681 -0.16568004779882056 
0.6244162565156911 -0.22355813289306706 
0.832166700358368 -0.617178836273138 
0.18386350085117126 0.6604739518133863 
0.23302125152750766 0.31662692557068467 
0.42944936850596893 0.0016626428879443374 
0.8262301572036085 -0.5153416976518862 
0.4403015621543675 -0.08357410089064325 
0.4486893512450817 -0.11811623026741297 
0.2182058472903987 0.41476541782835336 
0.238858112971625 0.2868947686642616 
0.23584371273096832 0.3014604097449482 
0.6188788596662388 -0.13259949375934701 
0.43098388783577746 -0.012829365825384464 
0.23512047541030667 0.30521139011560405 
0.6374015066982934 -0.3864989166437714 
0.06075759443166491 0.6961887188013424 
0.012000519026083858 0.886035251892703 
0.642659943595216 -0.4273096590803263 
0.8299900258180424 -0.5823610181770982 
0.4120516732909514 0.20577941328293353 
0.20493443635508 0.5156616320410852 
0.0662930671644198 0.6847290420285261 
0.22072030926374994 0.3964478041105033 
0.6243103998874799 -0.22192057477016297 
0.6347933290743983 -0.360461125185963 
0.83512355995019 -0.659414126414089 
0.6237245981361268 -0.21278144845287925 
0.6331221818803912 -0.34187768348257125 
0.18617103899025034 0.6468860575810463 
0.8470184053821496 -0.7636412861971953 
0.006432328323718359 0.9185072020112128 
0.8386471780996095 -0.7000263817139319 
0.8345167955985364 -0.6512421117410911 
0.2246872565050207 0.3695901320574459 
0.19707085328400803 0.5741826120554735 
0.02203124954193353 0.8375108199852866 
0.8247940564232769 -0.4876129561165573 
0.8422626185402404 -0.7352504210425566 
0.8265615453450215 -0.521579360633725 
0.4244104105590894 0.055404335613996415 
0.0410367830886712 0.7580061231108862 
0.8488362176744688 -0.7695816516457932 
0.4174658359378233 0.13614090154247505 
0.019503614513396578 0.8491281657480341 
0.02846001049583652 0.8091103652986853 
0.45285088426865083 -0.12395555555435754 
0.2557185705648871 0.24271084353049188 
0.8403065424419245 -0.7183249319349694 
0.03147177986561073 0.7963081174183557 
0.21923903106564757 0.4071815306316729 
0.6294053768714669 -0.2955235094273711 
0.4317084527609004 -0.019414765698649843 
0.8298722095829892 -0.5803902415672871 
0.8410941019223726 -0.7254993694542486 
0.4118343554366052 0.20864512701962024 
0.24906111979321927 0.25198697877271975 
0.018399191249114433 0.8543038729543463 
0.1886243766256741 0.6316749328627332 
0.42503548123020685 0.04717225222363078 
0.25097020362350037 0.24817710293703535 
0.21739960407271908 0.4207329321009703 
0.04756932111546283 0.7344653924483855 
0.839538490386128 -0.7108666576719259 
0.03751352426244319 0.7716845800728312 
0.8234166541038892 -0.459996235094592 
0.046912900148533165 0.736713696570197 
0.009684334667141137 0.8986898443902583 
0.061279769270845386 0.6949802036260566 
0.4478456383161548 -0.11603299478915848 
0.828382128513646 -0.5547272225430423 
0.632591602051366 -0.3356781742584242 
0.01463899902395599 0.8725106545788109 
0.8285303685303883 -0.5573372163037649 
0.19184035632485932 0.6106442318493868 
0.634647226864131 -0.3588944614260599 
0.6251627927745529 -0.23498423119032463 
0.00837750028512485 0.9062918318026202 
0.42808661296990025 0.015129041978523158 
0.03225544306358097 0.793030004649497 
0.4228882697486729 0.07115554260174377 
0.6190586388638769 -0.13570799965417177 
0.21248554441693612 0.4578129194271932 
0.25311555801287833 0.24499000307798638 
0.2521809076931676 0.2462345999793533 
0.4279250622718365 0.016761336571754014 
0.21653838140668133 0.4271506136415538 
0.42415876273027153 0.056830060805031044 
0.1894674406948657 0.6262765476549108 
0.014873213847984582 0.8713448175972721 
0.8295822900702434 -0.5755037849718473 
0.8331249500830636 -0.6315216674402397 
0.6222739225582641 -0.1896070931416122 
0.6247685795759864 -0.22897763657371734 
0.006088783420413052 0.9208117414445791 
0.055962825854940695 0.7084566956754891 
0.8256700100911728 -0.5046596579331681 
0.2326442261355105 0.3187573852847256 
0.2078191027492612 0.4935904566787575 
0.6202157078861339 -0.15548329242184616 
0.23102799255112144 0.32930109696144694 
0.6434199806314704 -0.4318559162490443 
0.4297254647443701 -9.982445294652682E-4 
0.8444100252327162 -0.7503403559984255 
0.8494922556992291 -0.771061803027126 
0.059950287436891236 0.6981075473894326 
0.24084044519850556 0.2783072199474955 
0.8289133279715715 -0.5640310165348246 
0.6344826262956206 -0.35711598402595973 
0.013964565467098455 0.8758964843093785 
0.19040519808817769 0.6201741294776706 
0.6436711299851225 -0.43328123790327394 
0.4173773312604746 0.13724654183437782 
0.41271160838427384 0.19710446277097698 
0.6354738135697477 -0.36760829529335004 
0.8472599281538199 -0.7645899562647936 
0.22289597526495408 0.3812259601588545 
0.8270479359149855 -0.530622507977449 
0.011723914020796478 0.8875018226224518 
0.6369201705655961 -0.381972999343297 
0.4142687522227164 0.17681731602601194 
0.832966303928129 -0.6291897190636968 
0.20193192672513488 0.5383832503405911 
0.017139867257070673 0.861337620267779 
0.8395635609652169 -0.7111172554215974 
0.18538082065420822 0.6516204827515566 
0.21608786219986903 0.43063639248089564 
0.4304118061856886 -0.007512007795055413 
0.6322439034652747 -0.3315389840699208 
0.1952292063187377 0.5873237353339263 
0.1907677761705905 0.617787868644856 
0.8268319821911874 -0.5266239992352738 
0.0016234314684711038 0.9596254094831426 
0.42020451042857726 0.10259910879363414 
0.823647709311099 -0.4646965518140688 
0.23718582657955917 0.2947581367854021 
0.439035198985719 -0.0758412838680728 
0.19683552477277275 0.5758746727043953 
0.004649073539570434 0.9311402915128684 
0.8259629897858589 -0.5102682905365787 
0.20577155521182205 0.5092733635709891 
0.19991926356177936 0.5533837563882993 
0.22664721618059988 0.35558619629997124 
0.023865127486261684 0.8292536346755914 
0.41594689180180877 0.15528502973880226 
0.8337278502684239 -0.6402275584675838 
0.8263545492729472 -0.5176902421802959 
0.6468475252497623 -0.44794612924759974 
0.034499542026122654 0.7837707325108514 
0.23636607756865755 0.29881137797711055 
0.6462425441457774 -0.44563739895063575 
0.2360919170314752 0.30019535446805046 
0.22485188494805547 0.36756268912596884 
0.6252646257352544 -0.23652591913229545 
0.043283120417985155 0.7496310108378692 
0.8339785613627249 -0.6437744858438718 
0.6236261857536565 -0.21123350457020498 
0.21859318881415032 0.411919926592658 
0.20279592302617622 0.5318813263932851 
0.4265262212224437 0.0312018336643716 
0.6193258652414261 -0.14031094276768455 
0.6225865091840679 -0.19466425166659843 
0.004430999402488589 0.9328194250453532 
0.6420011935891405 -0.4230873016920141 
0.25164782421559173 0.24704418059666555 
0.20392813601843052 0.5233138349519608 
0.24156090881172812 0.27540684410917377 
0.44010209983292004 -0.08239738208894404 
0.6477323265446011 -0.450907500869659 
0.42326431306779544 0.06819099300831309 
0.004818211676855394 0.9298601167320752 
0.1932156070683927 0.6013075226283751 
0.649571782701903 -0.4554731598217952 
0.8267098758206132 -0.5243493840855931 
1.7556993844269897E-4 0.9867487509329508 
0.4287676503941087 0.008330844519846935 
0.6261626407755756 -0.24994137803524447 
0.03370572042549411 0.7870236553949231 
0.21834446275760971 0.4137436302881817 
0.4414115030737793 -0.08982856102102571 
0.07166768040897212 0.6765969879165166 
0.4122343446279634 0.2036450565058816 
0.6273087767581987 -0.26658154689847696 
0.8443010672296452 -0.7496639862580966 
0.8503160373984276 -0.7723999519518454 
0.8271897308157762 -0.5332334592108198 
0.4386308268129129 -0.0732404210171779 
0.8296845301284025 -0.5772327621253235 
0.44303661175868314 -0.09808768505283481 
0.639316743545489 -0.4032188155638278 
0.06036617576183473 0.6979499053026985 
0.028057191306794238 0.8108466627144314 
0.18752248975248972 0.6386075602445358 
0.6222030682707644 -0.18845603716771742 
0.18776637739857083 0.6372119067159127 
0.6283407821504704 -0.28108440870168744 
0.6312495643800158 -0.31937218160016656 
0.06380514695492304 0.6895053506694773 
0.6292697392775456 -0.29373631290316027 
0.050875379722642555 0.7235886193917418 
0.22631543376275856 0.35777271419881457 
0.21311759927898166 0.4529921528568226 
0.6308714291170362 -0.3146190340132607 
0.18493862516672352 0.65423303499547 
0.8297729566600747 -0.5787232621640556 
0.20481990154573804 0.5165338888600762 
0.8431723855146624 -0.7420942869208372 
0.8258993165322761 -0.5090517693093609 
0.41972438923992217 0.10838075577562437 
0.007419058830038142 0.9121524484933553 
0.42646938252897054 0.031799973417666334 
0.6200922941652325 -0.15339354508105693 
0.20697955105508592 0.50002853180059 
0.8346833009242772 -0.653511350233154 
0.42926391493314386 0.003462909168222155 
0.6187406160321344 -0.13018922069007724 
0.82689348108452 -0.527764901267509 
0.19237570005183102 0.6070328023889368 
0.6240443141917663 -0.21778538094337188 
0.03494595427544345 0.7819515392791598 
0.6385921988068466 -0.3971382120350713 
0.6189568064785729 -0.13394842532382426 
0.4378719475944659 -0.06819022751116163 
0.8301536024023379 -0.5850828158161359 
0.2080775002749749 0.49166069140379304 
0.8310090184367408 -0.5990406880542156 
0.18715751302993444 0.6408612949906236 
0.4452295769570669 -0.10749419454115904 
0.6289813233750905 -0.28791773376308133 
0.6403199518749237 -0.4111385149710413 
0.029719886735900758 0.803716195267986 
0.449035738868912 -0.1189310096052723 
0.20056215224547463 0.5486164905215368 
0.4272644432172052 0.023513225917161925 
0.6362962196116949 -0.3759130901667864 
0.6255116382201455 -0.24024842153064857 
0.22542441332005264 0.3637009686846546 
0.21701585006443316 0.4235873445726516 
0.6352269800158534 -0.3650446825430772 
0.42057748282675134 0.09813938303672672 
0.8334192029393446 -0.6358016764813641 
0.2000974909367793 0.5520645902987934 
0.6227543471869295 -0.1973654000082262 
0.8290658356638652 -0.5666611525931124 
0.4522128457935453 -0.12358753395438245 
0.8316538124665146 -0.6092511583841751 
0.1856838018012219 0.649814927087223 
0.42539176227190906 0.04332496719855609 
0.4200652826089127 0.1042709248751172 
0.829478147854969 -0.573735796999081 
0.05140100176127192 0.7219327236439028 
0.42551833798878586 0.0419358899124487 
0.8249154388281412 -0.4899997676378578 
0.832676730101257 -0.6248894734116575 
0.43939945021987237 -0.07812983683254913 
0.4198443659658628 0.10693136743872514 
0.4291522097670145 0.004552374773282804 
0.2011069231797345 0.5445584585493556 
0.8335451907336481 -0.6376161738971406 
0.44349287140889726 -0.10021078861420714 
0.19571014745164783 0.5839046302558075 
0.02413962690889565 0.8280289337443083 
0.4190628583655753 0.1164228302195075 
0.19939480682555805 0.5572601600165954 
0.04005608506366676 0.7617424852974112 
0.8293863343348753 -0.5721715443419936 
0.6205323991461016 -0.16079126368858573 
0.4119777648788625 0.20729043495739616 
0.032873689643318785 0.7904598804949059 
0.8341398480845487 -0.6460333397496781 
0.6267169123009155 -0.2580573490231063 
0.030754695907414933 0.7993271934326587 
0.21532098128773886 0.43628977913976763 
0.6367879508483527 -0.380704313314262 
0.20914212306776347 0.48346110444192897 
0.4331490295711402 -0.03199838488462354 
0.6388650510771505 -0.39946331267809554 
0.6215595388903652 -0.177922665130879 
0.20764589605023537 0.49491930816466295 
0.0487477130779818 0.7310280847053579 
0.8277535390098193 -0.5434951051760026 
0.22743521533187844 0.3504562047853144 
0.6280580520916069 -0.2771575008312439 
0.6328003545989753 -0.3381342393738386 
0.027458769931397814 0.8134364941431732 
0.2127183399422606 0.45605886010632657 
0.2052503784815419 0.5132525109265222 
0.41392167078450903 0.18131544269538397 
0.41458544222622756 0.17272591463019665 
0.6199894818391884 -0.15164901605988798 
0.6422243870202955 -0.4234954345116213 
0.2501593061360321 0.24968484568311217 
0.6206765429484553 -0.16323916449691564 
0.05072100301890543 0.7240787877111884 
0.42702032254113353 0.026039179737274907 
0.8450151265711987 -0.7539213556083336 
0.41441083371410736 0.17498015230591513 
0.2505764302158283 0.2488885579364888 
0.4270061594160933 0.026186233589554762 
2.4114750858074234E-4 0.9844692482434508 
0.6351548005683865 -0.36428869494845373 
0.6263247960539872 -0.25232885787971226 
0.19125652467549398 0.6145481725110122 
0.8291018013212459 -0.5672905551099697 
0.8270019855814639 -0.5297736005520306 
0.6416788154224479 -0.4209260534292368 
0.41114332828276867 0.21778514500012375 
0.06423924991921126 0.6886290743228938 
0.0669702133008291 0.6835380092468835 
0.030333421128323212 0.8011094701042217 
0.24855095974499905 0.2531576829347596 
0.22777056771168452 0.3482976413608656 
0.024570474793013025 0.8261123490551042 
0.6192946634210192 -0.13977458461214845 
0.8410348124964093 -0.7249760578696575 
0.20675864666617436 0.5017210291083832 
0.4447980349318252 -0.10580315481668981 
0.8386669912172773 -0.7018476056604872 
0.8317698781396133 -0.611054311216162 
0.23206533597570697 0.32207433462007573 
0.8485650115433822 -0.7688787395583455 
0.6277721220592782 -0.2725205185688461 
0.6282963542864624 -0.28046976770142656 
0.6281436312348061 -0.27834987520317245 
0.6364252798463688 -0.3771863784690916 
0.4398418475487417 -0.08083971783089175 
0.0023746452661771167 0.9510926797085418 
0.2011069231797345 0.5445584585493556 
0.200279869936557 0.5507126970932277 
0.41996254586008996 0.1055070799037096 
0.03332681751722999 0.7885855618818112 
0.6273530884123242 -0.2672137447372096 
0.6315584832023877 -0.323203943948492 
0.4113349995161705 0.21524590046421133 
0.6261075087835761 -0.24912727202646642 
0.4180338373887753 0.12907582679823879 
0.21399136992616025 0.4463473931509836 
0.23434545759560424 0.3093359687447268 
0.8311259794195929 -0.6009127031438538 
0.2464764900742394 0.2585680490568424 
0.04253257184136568 0.7523982041331954 
0.24751043872273343 0.2557419955795583 
0.4439332893120582 -0.10217790585952424 
0.6287042513248141 -0.28608090003777326 
0.4381025475297473 -0.06974802713806434 
0.8266552111242162 -0.5233312485021998 
0.41555837145841124 0.1602365329345164 
0.6354308746417516 -0.3671460971328842 
0.027898359773029707 0.8115330986250898 
0.4252538420085744 0.044798171941966176 
0.44304967614105073 -0.09814967803173191 
0.41325445559971086 0.1900248534079681 
0.4410431266309377 -0.08780795254128494 
0.6511678459052428 -0.4576793501803 
0.002849953866692234 0.9463602140125851 
0.029487837542931772 0.8047055650104873 
0.6209598718016406 -0.16798190316507183 
0.8307476494623341 -0.5948253869409756 
0.84975497300414 -0.771551346110356 
0.23117120898063043 0.3273039879036902 
0.43907443575298366 -0.07609028557260322 
0.6485122314074139 -0.4531065637513221 
0.824005841255935 -0.4719276728298998 
0.6290408197331208 -0.2906545343316063 
0.6478986110729491 -0.4514087638567615 
0.8242873295560335 -0.4775671275736718 
0.414155351958581 0.17828538410239994 
0.001937926072616336 0.9558961617017139 
0.6239812484045083 -0.21680136149715104 
0.06901326040126936 0.6802328881648487 
0.63016751106121 -0.3055893130403519 
0.6308598019202775 -0.3144707625924389 
0.002617996304480008 0.9486186021857981 
0.6394984345253955 -0.40469616573029427 
0.05660435357040347 0.706692960857331 
0.18731901442312254 0.639863043153517 
0.2463284867494806 0.25899340041155994 
0.040479829416104396 0.760121214536473 
0.23761163451773368 0.2927036859530242 
0.1832333799051213 0.6640568452419136 
0.8337740894524969 -0.6408849814230215 
0.827349037735448 -0.5361530626843908 
0.6314443734565521 -0.32179395220817625 
0.2096702829751707 0.47937962492636776 
0.21727038152664857 0.42169312741436205 
0.0014621687128143906 0.9616945436626506 
0.19335035481265164 0.6003824389608742 
0.43981038679099677 -0.07987003510404495 
0.413159865628967 0.19123701718516634 
0.40994264704229055 0.23375580542784877 
0.8289253112519774 -0.5642388948571968 
0.8360104345212998 -0.6708837531585842 
0.04005608506366676 0.7617424852974112 
0.21142522008959047 0.4659213619748993 
0.829230138939379 -0.5694985339004702 
0.6390593829997009 -0.4010927465706983 
0.41011787130207394 0.23141866939073139 
0.22514152267127285 0.3656038651832347 
0.6235159334821574 -0.20949486638070985 
0.8284431699994064 -0.5554036480603854 
0.058738065891834335 0.7011018937521182 
0.4471694455097906 -0.11410989379995544 
0.4230025915926277 0.0698510405631877 
0.03433839599150518 0.7844286504317967 
0.6186992010394627 -0.12946947057167166 
0.19941448013412325 0.5571094679735672 
0.6387466482918019 -0.39845892055557125 
0.632721646797409 -0.3372108336242287 
0.0072700172589917345 0.9130895712782096 
0.44354947632994857 -0.10046795740595274 
0.20236434503567022 0.5351333674753782 
0.22648171454610377 0.3566766472688347 
0.8378399681665438 -0.6927794052009421 
0.035225625544902855 0.7808162641411188 
0.024861515887565022 0.8248218614115715 
0.6336446860130933 -0.3478428054043231 
0.4410431266309377 -0.08780795254128494 
0.831513882430212 -0.6070582900635075 
0.6471977259716931 -0.4491773382496433 
0.8242509214902778 -0.4750561610395258 
0.6268649937662466 -0.26020394515908724 
0.8235122438514566 -0.46194404766652924 
0.20366772532424027 0.5252886757971517 
0.6289850088054519 -0.2889510944021973 
0.05026502601304622 0.7255380962045942 
0.03796530967418674 0.7698716044145096 
0.1925941204898074 0.6055507988475521 
0.18916048851819742 0.6282518336182938 
0.20406485429306168 0.5222760739282543 
0.8326133368729705 -0.6239405468988608 
0.4113460240491166 0.21509998423618643 
0.2317619838861614 0.32405982697228497 
0.05654081661960189 0.7068655613224353 
0.19047378998147008 0.6197238313513146 
0.19517680465715578 0.5876729648306832 
0.001735938755652991 0.9582408617531717 
0.4251521394381675 0.04590168098683284 
0.2352297644657993 0.3046393190514381 
0.6313523435293096 -0.32065217725307166 
0.8241297618268003 -0.47441594868562736 
0.02769794799391384 0.8131757599153753 
0.03320395421498551 0.7890927272903514 
0.44753985713812494 -0.11518805673600624 
0.8360270686910212 -0.6711074998636355 
0.02437585854256298 0.8269782848927684 
0.05152674547902457 0.7215394228007945 
0.8365277458954778 -0.6773328104356463 
0.24050810397917793 0.2796900080694154 
0.6316607016318385 -0.32445470558831496 
0.056028809121383485 0.7083402800680103 
0.8308940839312023 -0.5971924471464465 
0.20654181922943649 0.5033817749846858 
0.4227085137915622 0.0732131401073149 
0.05814599713379637 0.7026128715705187 
0.8465897128295904 -0.7618387066719357 
0.639613797557949 -0.40562465492198324 
0.040479829416104396 0.760121214536473 
0.6359300431489547 -0.37204326743156746 
0.22909865947009433 0.34021937396271795 
0.004024016929335905 0.9378040571781883 
0.0019234549495374433 0.9560277043288378 
0.4188839441081538 0.11860458086933792 
0.04841751079680601 0.7316025180052385 
0.6197554376202054 -0.14766558943050834 
0.4312048510117575 -0.014855471389555086 
0.6207014297363256 -0.16366066294208756 
0.058702132646934246 0.7012782257934788 
0.0013734930412256097 0.9628800857467568 
0.40994264704229055 0.23375580542784877 
0.04212290986219369 0.7539216479733678 
0.41262115694573925 0.19829244425207976 
0.43722241878667395 -0.06369437462433375 
0.4128751590420102 0.1949612499924456 
0.006785538549056169 0.9161900500540776 
0.6278962008758929 -0.274893635877266 
0.8391609778163265 -0.7070351803194019 
0.01046211327380503 0.894338450509668 
0.6253798655158227 -0.23826561825505713 
0.021376487393354127 0.8404923411779048 
0.0024427204603777036 0.9503888432552348 
0.19174612145920097 0.611276824382739 
0.04724225746468437 0.7355820903951955 
0.20042602577454183 0.5496279259362662 
0.04179790356662938 0.7551673371331087 
0.0030380263739520214 0.9445921890811204 
0.6366237523592732 -0.3791221650122655 
0.8307817252325749 -0.5953774350600552 
0.021439928518189526 0.8402027225278708 
0.8330402791199905 -0.6302792047557813 
0.6391463541346105 -0.40181589523689215 
0.03056407473399475 0.8001328942743958 
0.6515463856605641 -0.4579133854862508 
0.03108939206123351 0.7979157518452169 
0.1929385870311388 0.6032037038276808 
0.8248722091709443 -0.48915114954682165 
0.6238602376095801 -0.21490903885847587 
0.8431857866419459 -0.7421901710713124 
0.4423380945332757 -0.09467049072647903 
0.8363729352690756 -0.6754273143491403 
0.2208001412663687 0.39587438389889007 
0.24696318134783093 0.2572066910755893 
0.41448201440158094 0.17406069469392468 
0.23187912017555704 0.32343780688413415 
0.8345420605603825 -0.6515876873604122 
0.03402836259213954 0.7856983440981373 
0.8262781659872709 -0.5162491587295714 
0.20940680480030077 0.4814023359393551 
0.013061151940166438 0.8805043751589442 
0.20366772532424027 0.5252886757971517 
0.20217132923372955 0.5365850512282686 
0.03246659430644938 0.7921506367449841 
0.4394793746575925 -0.07862507935761223 
0.2043442089987231 0.5201536614023476 
0.012635497909424143 0.8827078916132899 
0.44506083259862506 -0.10684244657119396 
0.6209276479188849 -0.1674417673108684 
0.8242595289665504 -0.47701142543972624 
0.013765016216675849 0.8769068395414987 
0.21281962462091442 0.4552635031768922 
0.4226902213986749 0.07352815009579179 
0.20940680480030077 0.4814023359393551 
0.013602964262849682 0.8777303645427061 
0.41903303154202143 0.11678137202452343 
0.2325154569712564 0.3194904460847948 
0.06891702291627755 0.680380301221205 
0.19073370494446015 0.618012729519198 
0.03267124315775011 0.7912998748097136 
0.8272288451363289 -0.533951656618867 
0.829230138939379 -0.5694985339004702 
0.831513882430212 -0.6070582900635075 
0.41302809681401675 0.1929679152554377 
0.6416399568616765 -0.4206613538812548 
0.4272642813575843 0.023514902095274955 
0.6278962008758929 -0.274893635877266 
0.07760588836128592 0.6712172604376958 
0.22179090559294629 0.38880395693872777 
0.20526778927070255 0.513119689663907 
0.24138556036219283 0.27609022477651907 
0.4257078828471129 0.0398967760970581 
0.4384719711090441 -0.07220151103627845 
2.4114750858074234E-4 0.9844692482434508 
0.013237917150919716 0.879595781521797 
0.4140667698696911 0.17943323259640678 
0.24810815103286615 0.25422538130618516 
0.20550854614731787 0.5112822431421402 
0.43119945493052025 -0.014804875498247713 
0.04358679848030972 0.748520354136908 
0.8363456208830584 -0.675089316501221 
0.6402613005232136 -0.410655712637358 
0.6336664629036679 -0.3480886799972389 
0.006978785669439366 0.9149430440280195 
0.20804681493358007 0.4918430571859377 
0.42844343121262185 0.011550410245611141 
0.07801248470920952 0.6709924988733961 
0.0070757542146184065 0.914322541657104 
0.029037413775436255 0.8066313602788757 
0.010351842968320313 0.8949484718118264 
0.04117984516081412 0.7574627972297112 
0.6226212687563402 -0.19522448451765717 
0.42566146599548577 0.04048629537267391 
0.23146745456515133 0.3255571850571839 
0.4248383291877195 0.04932734734848384 
0.005034090805592639 0.9282558430552587 
0.21708668442431128 0.4230598174880302 
0.622722136653996 -0.19682690029442723 
