3.205410528195412E-17 1.0000000000000007 
1.0 1.3322676295501886E-15 
1.0 1.3322676295501886E-15 
3.205410528195412E-17 1.0000000000000007 
0.2453483736680292 0.9398041755387558 
0.6956904277595674 0.5160148287240472 
0.7431137901229533 0.44778189492943254 
0.09725887051239446 0.99054071210693 
0.8646204928208749 0.2524314033946833 
0.6182250618245917 0.6177977729328596 
0.7407970287668367 0.4512197621705587 
0.24064960789651718 0.9420877671195705 
0.5553733663146802 0.6915604239885005 
0.5818955354606615 0.6613975858721668 
0.5649903936993532 0.680785855027572 
0.6244364910925333 0.6100790685940339 
0.647941086309227 0.5801723511978563 
0.12310855096968505 0.9848442846785646 
0.32674716084215344 0.8932362928817172 
0.6219518248338634 0.61317592758895 
0.1199615282028218 0.9856092317936705 
0.6980889325982346 0.5126718421841984 
0.8192186195509082 0.3288808541529471 
0.7903209951475517 0.37539272613862307 
0.7888392688202006 0.37773260796765473 
0.5918281412841161 0.6497394520718363 
0.5696090645603726 0.675545513575365 
0.868747795842299 0.24527726724797716 
0.6317580737387818 0.6008817363105254 
0.6297146228798154 0.6034594937354528 
0.5736945356861067 0.6708745797676827 
0.49684469069786075 0.7531453533288532 
0.8208176861216441 0.32625832686038336 
0.6610241141855617 0.5630471204653754 
0.6157244718159183 0.6208833748091904 
0.10134168569363705 0.9897298627774106 
0.24700560311638514 0.9389884959057007 
0.4841943537643308 0.7655558284890838 
0.372095911231853 0.861544632844603 
0.6497061803548082 0.5778818792252858 
0.567832463035399 0.6775662939479234 
0.5667672849319096 0.6787748447332517 
0.914813009348258 0.16311715850066905 
0.8666191546848561 0.24897124073345625 
0.18314683667280196 0.9664572362168038 
0.9775335757080543 0.04442810837548025 
0.5714234034215022 0.6734752940260026 
0.590150709825655 0.6517221396924315 
0.668684900554863 0.5528605037703218 
0.9035183524549449 0.18365458677816693 
0.6101047289353103 0.6277755745195895 
0.30936477194997414 0.9042934378764467 
0.20516303225762858 0.9579081301949667 
0.5837675521414644 0.6592154450898147 
0.39855868301254876 0.841150976202995 
0.8889127875162305 0.20983405619058726 
0.45083208195458685 0.7967504339107965 
0.8668315796927345 0.24860302088020056 
0.2095405390931646 0.956092762476778 
0.576493895398615 0.6676547885686586 
0.6739650621499698 0.5457710950098037 
0.916734768741622 0.15962793813594786 
0.9972403808646222 0.0055116227735422145 
0.06952309825840741 0.9951665389048115 
0.022863829699151017 0.999477245294351 
0.8293295783416073 0.312212451174313 
0.6452264944387205 0.5836827709290277 
0.5779022498646889 0.6660290142536133 
0.3241575513953874 0.8949218818758411 
0.9857905212742784 0.028217048171327554 
0.6075893889865411 0.6308351343912245 
0.3969365427506119 0.8424414247223561 
0.6434613610003594 0.585957476899825 
0.46250610269080605 0.7860881049739699 
0.9321207362494804 0.13115093331520894 
0.2538115434563314 0.9355797008123617 
0.26472329525818694 0.9299215769477731 
0.1257163481673862 0.9841953998039047 
0.8404989047115867 0.29356159121160297 
0.39543119329955073 0.8436341713662364 
0.7573699361330735 0.426395102797301 
0.3631871147390789 0.8680951201958714 
0.7271803596571152 0.4712087245291019 
0.7587909931704193 0.4242362345737735 
0.20164511637662938 0.9593392470589519 
0.9763590643315404 0.046722977498982285 
0.9157465280889441 0.16140829629320397 
0.16703891976761776 0.9720979992940267 
0.7466176680238119 0.44256205779470925 
0.9298701628372079 0.1353414802656766 
0.36526314077458466 0.866582837991648 
0.22912041389562154 0.9475038359387875 
0.4860233653924141 0.7637812882927365 
0.2632557891300099 0.9306963895756483 
0.5932039664221176 0.6481092549199854 
0.7552736145874175 0.4295619917202599 
0.5383151125889345 0.7102168395621677 
0.8475600448126166 0.2816419704375615 
0.9010871332580442 0.18804198911961995 
0.950454710106885 0.09663584731086117 
0.2873138631606339 0.9174507440376406 
0.8079781693653438 0.34717127782996254 
0.13312205553677384 0.9822785183302487 
0.5631718372386016 0.6828374817776018 
0.9600595456995686 0.07828566875094713 
0.793049444273115 0.37107257893834683 
0.3480840919538858 0.8788374649287087 
0.8142738832285277 0.33695804309216737 
0.16133872235743169 0.9739700760819648 
0.9177822437490691 0.15767578693287282 
0.4716415887924666 0.7775542117216313 
0.6357823781228398 0.5957807676686986 
0.9846038197275491 0.03055531818288378 
0.6596073039791152 0.5649182045379655 
0.1992929900929751 0.9602823040999142 
0.1963305112438209 0.9614543303552141 
0.4225478390584533 0.8214533677391516 
0.5476712849476533 0.7000561636440946 
0.8833073318414445 0.21976815754817397 
0.604758480707218 0.6342671800128326 
0.849030476613426 0.2791472497822765 
0.23786935486015515 0.9434181700185069 
0.685740561694378 0.5297598846682474 
0.7155041120518477 0.48805386633326503 
0.8877571403489471 0.21188726039562308 
0.46847698839605556 0.7805293113434538 
0.8794204144134803 0.22661973471935046 
0.21999526217696658 0.9516020846198001 
0.20318237077246765 0.9587169242083882 
0.3838610422531117 0.8526507002404603 
0.4207418558054712 0.8229762909048497 
0.4318133424911309 0.8135372373577486 
0.06784890925529494 0.995396525513635 
0.3284681848269164 0.892108651556597 
0.3143099686697858 0.9012092435964613 
0.8266120877959492 0.31671245633128653 
0.9797603069193855 0.0400697410036297 
0.8924707744393469 0.2034959167733618 
0.6671329846997067 0.5549335817859732 
0.047388740083247005 0.9977543073135091 
0.8255644395063793 0.3184433562492967 
0.7682890343021885 0.409731959816493 
0.07288076908870644 0.9946883934988743 
0.5428850224114512 0.7052758581852449 
0.9807617306815483 0.03810642766025843 
0.38176696884810324 0.854254204619229 
0.49822032731884425 0.7517767271090702 
0.2807994810268785 0.9211516514680878 
0.6371371384159197 0.5940562670876861 
0.6842932667477574 0.5317427250837651 
0.9079963091551749 0.1755427025610279 
0.5059480923520379 0.7440165278474454 
0.0580677338036793 0.996628138294193 
0.720451264556202 0.4809499755205096 
0.6946424649925772 0.5174718458291454 
0.5019144720526019 0.748081862744524 
0.33565937170321813 0.8873327862503663 
0.5444041703757065 0.7036240992902024 
0.730025810023657 0.4670623166998761 
0.5404098289778068 0.7079572167443358 
0.7164508614158751 0.48669816317778486 
0.7774186165592137 0.3956202946612879 
0.3704397468174608 0.8627743940932754 
0.6756096920359418 0.5435515440734983 
0.5088189021461325 0.741103324818896 
0.9692682383264494 0.06051908217792916 
0.04522610114942899 0.9979545997748637 
0.9965061444130475 0.007807581625610381 
0.6464826190635152 0.5820602232499389 
0.266876066676923 0.9287771650358521 
0.37394153626094034 0.8601677274623957 
0.31605471030626386 0.9001094200934346 
0.039400180734947034 0.9984478208130928 
0.7223089515511131 0.47826977853604047 
0.9224298655046357 0.149123143227762 
0.9529805001894002 0.09182816627894813 
0.8726399910384082 0.23849944604702544 
0.3511792473387384 0.876673136238785 
0.9701978056428655 0.05871621798304115 
0.7144002144199746 0.48963233391449096 
0.7213089644138085 0.4797133778586916 
0.7540282018456866 0.43144147082142137 
0.9329388688941767 0.12962506690724038 
0.03555036043202553 0.9987361733393435 
0.24956804995133497 0.9377157884460772 
0.04964343556447115 0.997535529305478 
0.16456665961090822 0.9729178145622552 
0.15790300015179326 0.975066642543137 
0.7877061607347731 0.3795190052887927 
0.11738191691046479 0.9862214855826062 
0.18620295921014512 0.9653284579814554 
0.7310840901044795 0.46551605319665923 
0.9188711818269221 0.1556757595055645 
0.42551379584138305 0.8189380098904722 
0.7440606150258156 0.44637380117978726 
0.5533591744833254 0.693793624029745 
0.7257633735573422 0.47326752561720586 
0.7509686133717419 0.43604614173997336 
0.8898649165879284 0.2081404302571927 
0.6937183187238012 0.5187548942674298 
0.9356693951479512 0.12452278298750946 
0.4163342102205935 0.8266658254008895 
0.5752184135841448 0.6691237766738517 
0.7013343445841644 0.5081301385233403 
0.5369198300485352 0.7117170961008852 
0.9864991729998196 0.02681938183323584 
0.5329120761123153 0.7160047191391866 
0.7072302113776174 0.4998254281151396 
0.5221502813913658 0.7273590836430249 
0.7193740217555522 0.4825010168232807 
0.1764132169049873 0.9688783769013941 
0.843745968229814 0.28809274109732813 
0.6325859160895991 0.5998350587653414 
0.22465275283351632 0.949531140644605 
0.7095118992753622 0.4965928694002281 
0.5398556953485409 0.7085558282007579 
0.798627736168054 0.3621937391001346 
0.878577775573364 0.22810109235226098 
0.2579284873111503 0.9334728954361442 
0.8416600009540862 0.29160844279416587 
0.41823292702729353 0.8250813426396134 
0.9467232295865684 0.10371512656144073 
0.7630584560049264 0.4177417927262172 
0.29350983249994833 0.9138519782267337 
0.8280943451464122 0.31425975649535065 
0.9066607696859655 0.17796624871251276 
0.9719058017907327 0.055399112476469274 
0.6404043933365509 0.5898822129955352 
0.7797992232163109 0.39191317147185195 
0.4589560358417807 0.7893593577364343 
0.46366457688547946 0.7850151601713713 
0.5493225232321958 0.6982447654704749 
0.9475167520719497 0.10221200461969757 
0.5882549237425652 0.6539561454600974 
0.739711629653127 0.4528267055181967 
0.6061208186297103 0.6326175532237266 
0.7716263344064972 0.4045928000510799 
0.1636463875419997 0.9732198601864624 
0.6986340443756786 0.511910472040157 
0.4480174354104136 0.7992803775690661 
0.0946606697900056 0.9910393575952366 
0.9559326786987575 0.08619271379610498 
0.5031443457709406 0.7468457673828034 
0.7454454166211555 0.4443111308391662 
0.5544392676148009 0.6925970985460603 
0.8911541415311284 0.2058442960320175 
0.27758131597311886 0.9229486137425215 
0.63909195665862 0.5915614709343063 
0.7675227472259005 0.41090883285814206 
0.4281901080209573 0.8166532756048271 
0.28611795668705087 0.9181365148619 
0.5100518937034574 0.7398470657296435 
0.8069898704671786 0.34876735136436904 
0.2263276157471459 0.948775810638018 
0.25897606087918507 0.932931400533355 
0.8761776695392557 0.23231269140375965 
0.06519452077523091 0.9957496744655783 
0.852904471276696 0.27266943365269686 
0.4137887182836056 0.8287788969525607 
0.1535319302419691 0.9764279463964611 
0.7136340228359194 0.490726481608953 
0.48794754457542644 0.7619074136306309 
0.8109249102887583 0.3424007898732535 
0.3754471421885804 0.8590394434506741 
0.03774944474905029 0.9985749794238787 
0.1980097392826869 0.960792143157669 
0.6623702678991593 0.5612656282035511 
0.5891058448666808 0.6529807043181575 
0.37927731006850207 0.8561487220682817 
0.452362735637426 0.7953679554071025 
0.586364592998567 0.6561765640886381 
0.1507379585823266 0.9772780678425402 
0.48900169960724377 0.7608773377812865 
0.24003677091182324 0.9423823486102815 
0.961105745075845 0.07627574678990293 
0.9523106796465551 0.09310436943136717 
0.7645449890053491 0.41547096015306895 
0.594260971938111 0.6468538972609791 
0.9021156403166518 0.186187399923478 
0.21170685651257687 0.9551802069068832 
0.14894236335557032 0.9778161724019278 
0.4347855233353486 0.8109615487022553 
0.8381246891542553 0.2975470054302004 
0.015434668565655674 0.9997617710067475 
0.7338091651242896 0.46152410917983905 
0.2894267373217788 0.9162321639939072 
0.18953623429100885 0.9640760158940057 
0.49498316204511994 0.7549916692981136 
0.8089824834512611 0.34554734185294084 
0.9337034319409276 0.12819791570755362 
0.7803198014703393 0.3911010074336732 
0.30481216817517015 0.9070895421323734 
0.5801981748929017 0.6633702051768933 
0.33178985044326575 0.8899154951436122 
0.09084377721229019 0.9917474081783909 
0.718649345043026 0.4835431188697088 
0.26772770758401593 0.9283218745919128 
0.7024776353443182 0.5065251718411585 
0.882337298312605 0.22148089205238985 
0.9791247145927391 0.04131479375305628 
0.8001045537492965 0.3598327030754902 
0.5282978434262875 0.7209013886547978 
0.9242727221303401 0.14571993763844734 
0.6120056720746484 0.6254490573488306 
0.28462692162594505 0.9189875155012291 
0.8935583591120821 0.2015534589134627 
0.8395976516646736 0.2950757833584078 
0.23663621205438667 0.9440033031500813 
0.8390263204727735 0.29603483355399135 
0.816995904458533 0.3325176920980829 
0.9109977806835192 0.17008311616763297 
0.40639136594698494 0.8348460625632917 
0.7381962794599595 0.4550662540575728 
0.34496639704377496 0.8809981852443576 
0.8586781267115352 0.26267187471191705 
0.6525207054415957 0.5742167302191533 
0.9538850702811359 0.0901032726948238 
0.2612355622875546 0.9317559810945188 
0.97432984909099 0.05068134559164176 
0.9101767362662281 0.171578308762973 
0.5709015980310497 0.6740713929952672 
0.4547348153023955 0.7932166453420056 
0.38777261005441815 0.8496325626325865 
0.6110764133048453 0.6265856171391332 
0.5975445774645287 0.6429404779428123 
0.8980260983480174 0.19354912668591448 
0.8716171952453632 0.24028346495365088 
0.6128599224512244 0.6244027154719904 
0.9425058231938783 0.11168277324582263 
0.14759151670731926 0.9782167441961546 
0.5581679210610587 0.6884485992284555 
0.4470335473093252 0.8001610547594418 
0.17056775784999273 0.9709066401453693 
0.8447759036458188 0.2863536726196198 
0.02528766831385043 0.999360555001702 
0.5077477104337313 0.7421922626182494 
0.47471142803066735 0.7746490604796237 
0.71018820112877 0.4956327189777051 
0.8216519068103643 0.3248881440367012 
0.4446121426540809 0.8023200426054546 
0.8013257951292425 0.3578776455266891 
0.9252820506785568 0.14385312669331723 
0.21830042717807296 0.9523449398006049 
0.44031837303683163 0.8061197303703941 
0.6192678420113202 0.6165073398511857 
0.28212180466106407 0.9204072881886715 
0.3060537186956625 0.9063311213376839 
0.5158864719782806 0.7338611480299128 
0.6581238846183445 0.5679531706639507 
0.294868093145611 0.9130528076447677 
0.9922222354657899 0.015495035447506364 
0.4868985934672564 0.7629297596798112 
0.5295403911930767 0.7195869740958043 
0.7842814670848663 0.3849025806599932 
0.39053675049423076 0.8474810476591326 
0.9344560695606037 0.12679185412964328 
0.6267259339457518 0.60721460372362 
0.7914791008077806 0.37356083299604814 
0.9460190684367134 0.10504792215612921 
0.3130565663879769 0.9019955862429878 
0.633685407010896 0.5984428049715027 
0.5849096664656531 0.6578806820757503 
0.9280379150449367 0.13874562823916878 
0.36942223341591895 0.8635272134580967 
0.9288090906061925 0.13731367324219007 
0.419863961859432 0.8237142535317621 
0.4917658882682 0.7581663111449011 
0.7640928067103587 0.4161621827799569 
0.14193745463064103 0.9798537589731077 
0.9571607815959182 0.08384323818619406 
0.0553570204082286 0.9969356002915998 
0.7279954383577554 0.4700230541759781 
0.37761003331014165 0.8574106627496237 
0.9725681893927511 0.054111116981742924 
0.9588027228809067 0.08071299484449193 
0.6533336198910639 0.5731551811224306 
0.6137452061791001 0.623316822235837 
0.9136109643258108 0.1653150058688627 
0.9128048975722398 0.16678722453964534 
0.6516312365201343 0.57537673160664 
0.30043125201811277 0.9097410634666327 
0.414504763752178 0.8281858008312548 
0.5465685506736373 0.7012628194154022 
0.9309994340567598 0.13324005378639686 
0.13815129435250828 0.9809142198687979 
0.8116711023224717 0.34119002165508466 
0.8159119559001055 0.33428768024306277 
0.9430727436844939 0.11061380012557094 
0.5276043610571243 0.721633638193777 
0.39385624940258573 0.8448772548114981 
0.5589176632777206 0.6876137353485022 
0.9593440198451095 0.07967465228930046 
0.05150090809129215 0.9973477046998401 
0.7963703078074227 0.3657943328431884 
0.810088944860778 0.3437559031771758 
0.500793065300985 0.7492063057469653 
0.9991108487409563 0.0017775119283991658 
0.7358699720838886 0.4584953871540641 
0.3548880231040874 0.8740544910611293 
0.15210600681425931 0.9768637626956493 
0.13660564529290062 0.9813388976742504 
0.665455814543034 0.5571685589067409 
0.4122192351531939 0.8300753021698256 
0.1293960230155763 0.9832566692459667 
0.8625134850363523 0.2560704881406415 
0.7231837605295384 0.47700525305187647 
0.3180205725438621 0.8988629154390338 
0.7862993939873821 0.38173326302132826 
0.5581679210610587 0.6884485992284555 
0.49002753602786653 0.7598730139345216 
0.29214019095153493 0.9146541088308923 
0.506910968026941 0.7430412704941572 
0.857772540355057 0.26422626902532403 
0.25611218080241055 0.934406550844724 
0.7707150987133571 0.4059982367271763 
0.4248112040409838 0.8195354409333864 
0.8025424713551725 0.35592558410505204 
0.9840726745376807 0.03160097122833239 
0.7972432066230428 0.3644032694943264 
0.359661461493466 0.8706436331166926 
0.6770637980684275 0.5415846133735933 
0.9089915200561202 0.1737344164688164 
0.9565456871316004 0.08502034843037837 
0.343034469900335 0.8823273524839614 
0.894309113507405 0.20021120950151763 
0.17441937303706534 0.9695778823119974 
0.7110980112890178 0.49433961898991985 
0.92616837248118 0.14221214581648334 
0.9833933967723667 0.032937427185042875 
0.2912226768604307 0.9151893524828573 
0.8345452188670214 0.3035342874020403 
0.9635608782413282 0.0715505115323223 
0.6647088048116565 0.5581622048279848 
0.6789512214491913 0.5390252388933416 
0.8516127865475295 0.2747556617888332 
0.9981463562353099 0.0037038515367797177 
0.8362096509772989 0.300753419618823 
0.19116307940052854 0.9634566770742815 
0.7000094641891663 0.5099867500456903 
0.5599083020080307 0.6865027198791888 
0.6828235344590002 0.5337520207891243 
0.2959058938471277 0.9124397019866447 
0.84942355617766 0.27847965902516564 
0.7747584484067345 0.3997493466226189 
0.8302229150336559 0.31072991135329353 
0.20734470766285046 0.9570081722081357 
0.06083680958649124 0.9962988826085387 
0.6782957564287986 0.5399148668267878 
0.6902033430624196 0.523619377264377 
0.5315894992359461 0.7176632099149874 
0.8031483558492054 0.35495272093211 
0.8506828729741438 0.27633864962918625 
0.7595379346876033 0.4231021258166815 
0.45998467980925917 0.7884140943409753 
0.6348866925750442 0.5969188875911843 
0.2555440849229837 0.9346972211377014 
0.8375031296040791 0.29858850790543384 
0.8563279975175064 0.26670236067110353 
0.3304340900973145 0.8908133121017265 
0.40020235767774115 0.8398380729103825 
0.897233943621399 0.19497125041405794 
0.4728741972568794 0.7763899935690783 
0.8153444877575643 0.33521336628458975 
0.8368275321127101 0.2997196815125089 
0.5139728980702221 0.7358318600495138 
0.43038015529506163 0.8147729219289371 
0.34963551886962607 0.8777550039628327 
0.7449087648034814 0.4451109321197135 
0.3344580856920145 0.8881381601738223 
0.4908325120937464 0.7590834450719322 
0.36721474720569336 0.8651533297631572 
0.26069045082672815 0.9320404889480597 
0.04199645742147784 0.9982362975641685 
0.2694928770913382 0.9273735891979177 
0.3587766168092231 0.8712793392810161 
0.6759463735440514 0.5430965001089552 
0.47006047561275577 0.7790431492788693 
0.9735693643103907 0.05216269287829756 
0.8503251376460452 0.27694716036797695 
0.14595559711714345 0.9786969636704226 
0.3662942223597326 0.8658431345395923 
0.8519873763571377 0.2741175105284707 
0.8306422855658048 0.3100333934632795 
0.818223133084182 0.33051090448666265 
0.34611862308281743 0.880201898755323 
0.8958637425827377 0.19742815472645564 
0.7617387925704577 0.41975401189362366 
0.48285024805836957 0.7668556379648226 
0.4813071478212078 0.7683434294588853 
0.4158206697268315 0.8270931706280411 
0.686407999515411 0.5288440582091459 
0.9096156968194868 0.17259928410365344 
0.9272318482913657 0.14024110516310634 
0.9675059933602241 0.0639321528154004 
0.7623780089982631 0.4187797731729781 
0.4661541024690333 0.7827003527513513 
0.4379189043372717 0.808227033224687 
0.7494132499802915 0.43837978075410583 
0.45329207183181286 0.7945262976294134 
0.27569154771649274 0.9239941705288682 
0.9497447513495496 0.09798490729145991 
0.0030469148130742307 0.999990716310261 
0.11632890700054271 0.9864675853962932 
0.6924718058591715 0.5204827980903567 
0.2970698860589076 0.911749482837185 
0.30171117473355474 0.9089703670411104 
0.6998730542304068 0.5101777079622484 
0.7813782820003033 0.3894479804184217 
0.9042318686481909 0.1823647277211655 
0.37995897166851744 0.8556339970025556 
0.5523237566913033 0.6949384677959332 
0.7732443249597498 0.4020932139191726 
0.5619044017492588 0.6842634434627602 
0.5744371798595577 0.6700219263971641 
0.4330970042988611 0.812426985098331 
0.006108405053975363 0.9999626873877046 
0.32333441490774995 0.8954548946708184 
0.7694215243553786 0.4079905201134689 
0.48077801990601815 0.7688524961481449 
0.8841643305771894 0.21825343656189988 
0.3297035511247809 0.8912955683757577 
0.7561405192443348 0.4282515151770795 
0.6696827248427972 0.5515250481396717 
0.18024265834472883 0.9675125841278062 
0.7786419071638447 0.39371678040913577 
0.5343542494889857 0.7144655360685025 
0.2233169171270052 0.9501295545318302 
0.38998338010171996 0.8479129632467723 
0.9904178428490665 0.01907249726289075 
0.8864223831242193 0.21425535869745402 
0.3415672206043289 0.883331833808965 
0.10847280085883687 0.988233651531876 
0.031558258822747376 0.9990040766237032 
0.4577458453033397 0.7904687416709949 
0.9515461994114813 0.09455983038593357 
0.14270768741495823 0.9796345159529802 
0.8038787496812967 0.35377895584136415 
0.5264995783437878 0.7227981940337058 
0.019847213009256626 0.9996060881359917 
0.517055917253092 0.7326531784337357 
0.1943631005069793 0.9622229856087101 
0.40379647546268194 0.8369484064053749 
0.47964303706865963 0.769942557563823 
0.5950747146614341 0.645886083971133 
0.6066971855275632 0.6319185250747 
0.251868096708569 0.9365624625944021 
0.7520734979951413 0.43438545361339803 
0.8314909064171454 0.30862287257215204 
0.966011478667085 0.06682182308625045 
0.9872736160376996 0.025290807076132085 
0.9711024362335412 0.05696005835440822 
0.3811449031020757 0.8547285638409455 
0.8247940908730752 0.3197147078987724 
0.7364013910890648 0.457713211056241 
0.8754729127256161 0.23354717908391015 
0.5045554197633739 0.7454238283986236 
0.8017647609433508 0.3571732681191781 
0.8803728927262285 0.2249435697606198 
0.13067712834254147 0.9829234881286871 
0.36209260884417543 0.8688889426415852 
0.6254568208724356 0.608803765826455 
0.7035209338567696 0.5050582956491316 
0.9620337879494523 0.07449099084616528 
0.5871222443906735 0.6552874701502852 
0.7126871737685422 0.4920832169649111 
0.6880723708740376 0.5265564131610542 
0.8712275905225156 0.24096248551722904 
0.8243640125568301 0.32042397481090634 
0.4572694423482204 0.7909046571530521 
0.8226342090465537 0.3232729581085931 
0.23302133332155578 0.9457010582172679 
0.011489231243765108 0.999867997565756 
0.6212653487584728 0.6140293664321171 
0.9650753419584689 0.06862958466441756 
0.7785271298404575 0.3938955082153282 
0.49415377369567015 0.7558120479424678 
0.5195292872174161 0.7300893202117372 
0.39336877225653155 0.8452610090134179 
0.10358342208157403 0.9892704746845726 
0.13977814520353993 0.980462070123574 
0.2076335839474712 0.9568882948291332 
0.974893847610306 0.04958198589338557 
0.5250020857331572 0.7243728099759571 
0.9405550353720566 0.11535622543879516 
0.9454167857304726 0.10618710175566913 
0.7174226897075157 0.48530468429467544 
0.05960436236580241 0.9964473199873594 
0.9397679345355151 0.11683622921917841 
0.8123366135066395 0.34010922635692725 
0.23122131170655635 0.9465367050182192 
0.9185311299362477 0.15630056333819708 
0.7977550970917273 0.36358680506428875 
0.6271361551644172 0.6067002435663892 
0.0804351401021791 0.9935302049345401 
0.4395410526124292 0.8068036630872487 
0.10606344039357768 0.9887505466119368 
0.4702387145322049 0.7788755513558894 
0.06274177493426714 0.9960960689644623 
0.6427804246746401 0.5868333256566141 
0.002824305326121299 0.9999920232994386 
0.859598388107128 0.26109061180091947 
0.7520734979951413 0.43438545361339803 
0.38652373356973074 0.8505994497464495 
0.4363901038211161 0.8095636829135033 
0.4386802190520217 0.8075596654299795 
0.16862309855676472 0.9715662506336195 
0.873376101833041 0.23721418475947623 
0.7657132693648964 0.4136831891652415 
0.9448091860482835 0.1073356019589789 
0.9268680577273012 0.14091560382388846 
0.482484720370415 0.7672084946092412 
0.8002910330927512 0.3595342642570379 
0.8928933947479171 0.2027413857022095 
0.9201084242888524 0.15340048756628125 
0.9887586482638723 0.0223563354904363 
0.5239349109073275 0.7254922107049744 
0.6551044615203981 0.570838144529087 
0.33285789420933165 0.8892056222625814 
0.40138363750121514 0.838891175598136 
0.4352797013907544 0.8105315815572415 
0.7116614440896154 0.4935379889969222 
0.8341817299545276 0.3041408414492539 
0.4186959351102636 0.8246937139387751 
0.34020685272232876 0.8842592973614042 
0.717723934355451 0.4848723540549951 
0.6555901965745333 0.5702014948459592 
0.7083855744960927 0.4981898778464976 
0.5336029190460041 0.7152679254087012 
0.679882952814642 0.5377591711833553 
0.9625885822018461 0.07342329894874156 
0.8750220115776842 0.23433647971324426 
0.4021589253696269 0.8382681987499855 
0.9949690344050021 0.010036620578171004 
0.8539474824331286 0.27077376139666315 
0.9438944777730809 0.10906321483083449 
0.9732164551093481 0.05297318761266646 
0.923253387752906 0.14760318202919762 
0.8535328653130377 0.2714817715928547 
0.8812198365131803 0.2234515997362199 
0.7476080784871644 0.44108216098138037 
0.6884767968155175 0.5259997002475018 
0.429500864430853 0.8155290074532626 
0.10612290047835249 0.9887379299941185 
0.2336941356804809 0.9453870511291954 
0.14444778616961074 0.9791348370712386 
0.8053584483643124 0.3513977696485163 
0.9913668849016444 0.017191699520609234 
0.4927275418276645 0.7572195695572854 
0.3770939059457136 0.8578001860989477 
0.5201938874964951 0.7293983194679667 
0.3608638604780499 0.8697773571246548 
0.7349251292346829 0.45988505442755895 
0.7823387038870936 0.38794615240037805 
0.6774709314032747 0.5410331381600789 
0.9667706305421522 0.06535454792241181 
0.8274017355082881 0.3154063681172708 
0.809527033579461 0.34466598195818143 
0.5373070555167417 0.7113011281110048 
0.3035417052208421 0.9078624332050573 
0.9058094095461439 0.1795093136023776 
0.5186621838031572 0.7309895390957878 
0.5791146886024244 0.6646262298273192 
0.761044943560564 0.4208148751065064 
0.04314029753945925 0.9981389147286035 
0.6459323625491082 0.5827713974480634 
0.9757005400862837 0.048008457179865814 
0.8465774238618475 0.2833066654084418 
0.49924305587836615 0.7507563711655472 
0.274169711423828 0.9248309694509321 
0.3195309602166835 0.8979000039527151 
0.436906899061839 0.8091123616155115 
0.62055683397647 0.6149092163157638 
0.9686190416632493 0.06177715225269195 
0.895231397712684 0.19856074455421302 
0.9931205136939577 0.013711645298101314 
0.1146929874103669 0.9868455186392437 
0.2898891164885647 0.9159643001426699 
0.4932347589735778 0.7567194725436862 
0.9908704697577857 0.018175712190173953 
0.5610181003266971 0.6852586911058883 
0.5234489566071876 0.726001189846955 
0.3388150546560512 0.8852043587387467 
0.8318427959817544 0.3080375631957308 
0.9580594052139726 0.08212217608424854 
0.8451811967599845 0.2856761862763082 
0.8778451740179511 0.22938785045347837 
0.9083455996490719 0.17490827183168461 
0.7723989170593191 0.40339991292579563 
0.8605554156970993 0.2594443765151528 
0.39210841272017694 0.8462509926767523 
0.35344640480206413 0.8750759729362825 
0.7082781970824837 0.49834199556496234 
0.6731511406568154 0.5468675418746362 
0.15580992442425784 0.9757232674620593 
0.6003693022575103 0.6395567009688075 
0.159771631467731 0.9744730257784023 
0.9897814669947373 0.020332650498330204 
0.1940140122651297 0.9623585630448716 
0.3860542402731936 0.8509621235671788 
0.5982843048087403 0.6420559004163391 
0.08465819826673976 0.9928329924745717 
0.7346915809156155 0.4602282854379013 
0.13476836886697907 0.9818374867530901 
0.7018497151168817 0.5074069774055818 
0.9656811252849433 0.06745996427019883 
0.4650140647511526 0.7837619195837456 
0.7958284533997781 0.36665707275956627 
0.8043865730536275 0.35296224109131563 
0.982469135666293 0.03475439746356046 
0.17376614401413742 0.9698053271955819 
0.5965176751609715 0.6441666632226514 
0.6342513669559223 0.5977252035148581 
0.9389332684136442 0.11840431746871426 
0.7702066035384142 0.4067817878675085 
0.29797826827259905 0.9112089516373109 
0.9815750763437582 0.03651036950099244 
0.9614639988012929 0.07558697933775442 
0.9417308221725729 0.1131430585705663 
0.7850202710420662 0.38374317405327824 
0.033517454849882944 0.9988765802204861 
0.6585073020326604 0.5663681331698245 
0.7502953211211848 0.43705693110371485 
0.47560754368696734 0.7737974643881178 
0.6378831112623093 0.593105136605103 
0.44157794333987416 0.8050089199558401 
0.6662718341612993 0.5560818430035502 
0.9550800783843014 0.08782205234355556 
0.5625616642211569 0.6835243739516007 
0.7943832356136281 0.36895527497828107 
0.7399270479793864 0.4525079637318173 
0.53517464705124 0.7135880971828664 
0.7371559442368956 0.45660111387970675 
0.02997350446299979 0.9991015891936342 
0.5957269071686087 0.6451094520977411 
0.4492876475005839 0.798140609803989 
0.9944378234604129 0.01109341527386409 
0.19237269253725714 0.9629927471661333 
0.9482057951735725 0.10090576999937874 
0.7248238824495279 0.47463033943100325 
0.9936195966549882 0.012720097151526027 
0.8615277332500837 0.2577699648416998 
0.4094779071301052 0.8323278451497818 
0.33359492263170054 0.8887144275944252 
0.8637102043172044 0.25400468296100315 
0.40758470092774385 0.8338747127675367 
0.7601718855553488 0.4221387044115138 
0.9708218820089882 0.05750487342562743 
0.6913899568709573 0.5219799275391241 
0.4492876475005839 0.798140609803989 
0.8615277332500837 0.2577699648416998 
0.17766975806860957 0.9684334570679879 
0.7534652080570454 0.43229018024832805 
0.9828718400159066 0.03396294610399754 
0.29938779272627775 0.9103669495890458 
0.9054346795854127 0.18018804105852176 
0.614533371173314 0.6223487357144799 
0.847087963038626 0.2824492953607673 
0.22173953543126537 0.9508315784271756 
0.27318146090775336 0.9253718894166068 
0.3849664821571225 0.8518008076158233 
0.37472768707456944 0.8595791605402794 
0.3491492925644665 0.8780947715155529 
0.08292565880002578 0.9931233372811125 
0.35753450333786607 0.8721690789278536 
0.5988003820959918 0.6414381024017934 
0.8060612513327227 0.3502652591000401 
0.9367927781748856 0.12241929907718745 
0.5497177056835947 0.6978104440595189 
0.6563961858774562 0.5691440471661774 
0.6817542187440143 0.5352111852893731 
0.53517464705124 0.7135880971828664 
0.9578320381348372 0.08255778675060159 
0.5420985006592992 0.7061292155892008 
0.23155424748206857 0.9463826307563881 
0.6280933598484639 0.6054987313144734 
0.026531191579502005 0.9992960959097186 
0.7330432965045961 0.46264752562094075 
0.16931667722097815 0.9713318628149487 
0.46473349834035094 0.7840227755204965 
0.7835457348557694 0.3860560813895445 
0.4434504334803424 0.8033517130462839 
0.8325501532360079 0.3068602423490217 
0.9783885452704462 0.04275585448935711 
0.8222702894721038 0.32387157108781967 
0.7764724350100302 0.39709061959579445 
0.9201084242888524 0.15340048756628125 
0.6027815794157201 0.6366543675432795 
0.8133903566438904 0.33839612771886607 
0.017784030672491624 0.9996837282560034 
0.5121172576132658 0.737735914457058 
0.33852157966872365 0.8854031400987503 
0.44597900832351667 0.8011027241358593 
0.896438128699053 0.19639868141557443 
0.7064529260571026 0.5009242632780105 
0.8234577267765609 0.3219173722142491 
0.4561041917739278 0.7919689662499779 
0.8948403776103597 0.19926069861730497 
0.9115729549366481 0.16903474786184236 
0.08910763951658204 0.9920598285798524 
0.27905622220746634 0.9221276248485238 
0.41034310962549714 0.8316185373833179 
0.9918480191487726 0.016237506910755914 
0.6588264419145267 0.565947719435958 
0.8570318142834428 0.2654964693077878 
0.899602937460896 0.19071455491277883 
0.5420985006592992 0.7061292155892008 
0.217329347153363 0.9527679557813414 
0.1792677015404625 0.9678630911846847 
0.8546246854582029 0.2696166470837468 
0.42722310684467646 0.8174804169908185 
0.7485559419832051 0.4396640017219584 
0.8992856380364818 0.19128534126602056 
0.9121782337469568 0.16793086990445172 
0.682169514903476 0.5346447529372618 
0.9261198710745169 0.14373394613047824 
0.18641698644818155 0.9652487071644307 
0.7239791642310509 0.47585417451359113 
0.12753645830913996 0.9837344528826377 
0.006289974735668195 0.9999604362178474 
0.8871177470840967 0.21302210283557718 
0.47363775288054566 0.7756672790463905 
0.8592201023821066 0.2617408156672433 
0.47872831872960675 0.7708194344752829 
0.8174093656282033 0.33184192906173343 
0.7123355580176548 0.4925780527837661 
0.1880384457172503 0.9646415429324178 
0.785556726109481 0.38290063006516395 
0.3561311771618775 0.8731705846535431 
0.2721342011144519 0.9259429765966438 
0.3539584421712439 0.874713499697449 
0.7816064650563748 0.38909133378221217 
0.1592366226818548 0.9746436979992273 
0.4607679085988304 0.7876929344058163 
0.337273056245528 0.8862468855308123 
0.8557532691151366 0.26768634241297834 
0.27905622220746634 0.9221276248485238 
0.17219083337536353 0.9703503169034318 
0.8603431018245964 0.2598097471515629 
0.42356218941027435 0.820595071702111 
0.44299649199970936 0.8037541080765961 
0.5150560891035458 0.7347172250796237 
0.9940713570273293 0.011822137159988704 
0.6726401876651905 0.5475551789216024 
0.11072626024957655 0.9877397390699346 
0.511229953753611 0.7386527211001149 
0.705932525842815 0.5016592689795746 
0.5212940800385155 0.7282524821169158 
0.11401955948385112 0.9869995424782209 
0.41088390424096866 0.8311744172521066 
0.11249316855158781 0.9873452870328806 
0.8063651109761195 0.34977530782183947 
0.5181114779132149 0.731560496454713 
0.42722310684467646 0.8174804169908185 
0.008588219777457912 0.9999262424811112 
0.776703277150085 0.3967320192644731 
0.0768970320184221 0.9940868468016157 
0.8743906825669936 0.23544093454935117 
0.013312635038892573 0.9998227737505252 
0.9394796054951304 0.11737807086883699 
0.9064625518143725 0.17832564221446 
0.43303285106430844 0.8124825499564001 
0.7374884511208926 0.4561107871764418 
0.4039416518362321 0.8368311419119309 
0.4607679085988304 0.7876929344058163 
0.2351916913873902 0.9446848683026128 
0.010254569553783677 0.9998948438062394 
0.7827397836060288 0.38731843190393056 
0.9642955003463999 0.0701341880133463 
0.9753843774923199 0.04862531618420791 
0.5109097104443409 0.7389712678437641 
0.9437874580490896 0.10926523403219987 
0.5516913778325699 0.6956366236386871 
0.7923887484211608 0.3721200713764475 
0.937496515543434 0.12110028833356648 
0.08723580457609931 0.9923899144874468 
0.4777334785884343 0.7717707234359112 
0.9216436855798774 0.1505729169672956 
0.9956977653490797 0.008585960080037553 
0.8554234900274814 0.26825065270982756 
0.5605711601005304 0.685759974464059 
0.9306846294934688 0.1338261206869776 
0.5506699717399832 0.696762582270696 
0.9415653776113369 0.11345463969702246 
0.9813809329919334 0.036891464360570954 
0.408805766662914 0.8328778451435273 
0.4419366704543882 0.804691979372413 
0.09367307959859211 0.9912253762576887 
0.8805672308306803 0.22460135202809103 
0.1277267052757465 0.9836858887595454 
0.8692253343099112 0.24444731822195465 
0.13528997774457469 0.9816966219465808 
0.08528514997969257 0.992726443193483 
0.337273056245528 0.8862468855308123 
0.9681374427380103 0.0627098920031595 
0.8355106655502409 0.30192192775213283 
0.5469091979675086 0.7008903291787936 
0.8769950479498143 0.23087968591990737 
0.40516431529370434 0.8358418776159563 
0.9238877013905848 0.14643151521943798 
0.6253234346625965 0.6089706022576556 
0.5451376182849198 0.7028249771445051 
0.6810584445324632 0.5361593958426267 
0.7657475141275412 0.41363074463139693 
0.08116405319033068 0.9934123964701848 
0.08665194639858492 0.9924914401855044 
0.9646137108336242 0.06952038896012232 
0.21393064888183264 0.9542336774720588 
0.46766791265316954 0.7816254878264952 
0.3211286826748941 0.8968763691636437 
0.6505873798211804 0.5767360612176168 
0.5000874326961229 0.7499125596596328 
0.7291758929498413 0.46830251730055855 
0.8696689390305674 0.24370824098481655 
0.8429224504998066 0.2894817424448175 
0.7984340827290177 0.3625099797791695 
0.832818181482535 0.3064138766066188 
0.8458229637751 0.28459081734368646 
0.7666196970363844 0.41229424011661703 
0.6708047650697537 0.5500209672237204 
0.3071859497877316 0.9056367922531606 
0.21474115382569198 0.9538862368547354 
0.29877055005519043 0.9107361584199117 
0.6927845644169681 0.5200495473280237 
0.7943832356136281 0.36895527497828107 
0.8636427896544541 0.25412113187817365 
0.5209571526873952 0.7286036466324148 
0.47665487477849566 0.7728001303579782 
0.7534652080570454 0.43229018024832805 
0.7666196970363844 0.41229424011661703 
0.7756858285232185 0.3983114954288113 
0.6418487253026064 0.5880302171966304 
0.6542880659211205 0.5719071267934955 
0.5451376182849198 0.7028249771445051 
0.8704291334123718 0.2423531237073376 
0.8967863912632759 0.19577416844986695 
0.02776757321825174 0.9992289618782642 
0.9515683659133488 0.09451764499311917 
0.4667384520805381 0.7821552173542452 
0.8431433998200979 0.2891092076495802 
0.40511786294188545 0.8358795171259128 
0.9880325301006705 0.023791719466106837 
0.9875731243469308 0.024699324230380095 
0.7498857829092207 0.4376713125957527 
0.9285524084466927 0.13779042476804557 
0.6541375204773733 0.5721042381409405 
0.0886663354482474 0.9921382809599338 
0.9001941324693183 0.18965114342842876 
0.2350137163876782 0.9447685531098059 
0.9208466675082297 0.15204141494040216 
0.9894908487848404 0.020907860508440842 
0.6797957715041749 0.5378777090452922 
0.7605946206019603 0.4214958238923767 
0.9485676047544855 0.10021950023476643 
0.6038339139297868 0.6353846044679884 
0.6639336934815891 0.5591920506642699 
0.8704800981258667 0.24229359979618773 
0.6871519335941936 0.527822220157891 
0.09251404709398758 0.9914411510979978 
0.013833180519873728 0.9998086431167501 
0.9892150539580684 0.021964119312828326 
0.9784357502605503 0.042731678583944936 
0.0785095780993238 0.9938362461524863 
0.6038339139297868 0.6353846044679884 
0.6026584222119655 0.6368028262306028 
0.842299584080711 0.2905314189724596 
0.1783755378324301 0.9681821676694362 
0.6637095619653707 0.559489617361325 
0.28360155317962116 0.919570159034797 
0.8548838713848561 0.2691735705663389 
0.40733790930437025 0.8340758287776071 
0.6714379501545004 0.5491710790923736 
0.9216005860394502 0.15065240055164936 
0.2131415705335994 0.9545706882546212 
0.6102606913548813 0.6275818885946116 
0.6509045356103231 0.5763232855219924 
0.9343500049289246 0.1269900683008367 
0.9670007537441532 0.06490954236171649 
0.3437674152728615 0.8818239641970871 
0.6568609987026802 0.5685336284059042 
0.22240645245406843 0.9505353699073446 
0.9491996645167269 0.09901999729585116 
0.7727281073122827 0.4028912724656612 
0.9638005353644963 0.07108852998689522 
0.5174710261875313 0.7322237370578446 
0.5260325328102113 0.7232897747554685 
0.8179393839623402 0.3309752836656936 
0.6836515383861391 0.5326205745653857 
0.920882539561138 0.15197534833157114 
0.6717363493624975 0.5487702779604235 
0.6893734540944038 0.5247642415078242 
0.8856803648389965 0.21557029133916206 
0.7754227609512518 0.39871954183379515 
0.8355106655502409 0.30192192775213283 
0.6893052581746942 0.5248582610528668 
0.357665525950303 0.87207537154715 
0.6421224516634938 0.5876787596887114 
0.8851081774833973 0.2165838614789252 
0.4004852108819176 0.8396115958657446 
0.5994807422387438 0.6406228396849545 
0.3560910537178618 0.8731991679323233 
