0.0 1.0000000000000004 
1.0 8.881784197001256E-16 
0.0 1.0000000000000004 
1.0 8.881784197001256E-16 
0.9855238160464848 0.028742808005204224 
0.7978124146895633 0.3634953509674146 
0.5784943520841904 0.6653442846067226 
0.9837974847318768 0.032142509036609035 
0.5760371643040949 0.6681811861014937 
0.7575315512190608 0.42614594906151176 
0.29583554806314266 0.912481328576795 
0.7998708150954487 0.36020667915879157 
0.5246559991533944 0.7247360825525846 
0.748542010145006 0.43968485905073257 
0.9675752233167114 0.06379818723265951 
0.3498495837436961 0.8776052687572812 
0.32926928390469856 0.8915818444467835 
0.968548672625019 0.061913468758039096 
0.7897693416150812 0.3762643870452029 
0.5266060639804676 0.7226860534351759 
0.5168838193889087 0.732831117253983 
0.5840672309247351 0.6588654697838334 
0.8049319408558517 0.35208457059023973 
0.9870298181527464 0.02577213817197392 
0.9698109798239314 0.05946666341315941 
0.5189535311544812 0.7306872325045358 
0.9662075483778304 0.06644297346264078 
0.6351377841967625 0.5965999950858054 
0.7070144968352781 0.50013050126574 
0.21690941109575337 0.9529503073782665 
0.5815799374698077 0.6617647763326439 
0.5278176998947518 0.7214084759989889 
0.7401797771326766 0.4521338975239728 
0.48130211680649804 0.768348274162277 
0.7363370241984688 0.4578077867947342 
0.9099834505403932 0.17193012109009922 
0.9526734217976608 0.09241335140060015 
0.7162235407027913 0.48702383974335733 
0.9976735891391266 0.004647409534605784 
0.8728063812762428 0.2382090208036214 
0.11140085912906886 0.9875898485933238 
0.6384047186490218 0.5924394152068683 
0.6461422955672818 0.5825001338790737 
0.8499600653743519 0.277567887338158 
0.695432317038188 0.5163738924199959 
0.5295549875619849 0.7195715151485774 
0.005250046082489773 0.9999724370161541 
0.44547916580451796 0.8015483128354602 
0.0997063922220264 0.9900586353508314 
0.7669514674860927 0.4117854469442151 
0.7521019194718067 0.43434270321519913 
0.768374556339829 0.40960054125696926 
0.3914120005136726 0.8467966458541255 
0.4571937184771614 0.7909739037850857 
0.6544989375560042 0.5716311407381308 
0.852623114713955 0.27303382425968553 
0.7418830853959166 0.4496094876035267 
0.0620461616701965 0.9961502738220668 
0.9146073340432632 0.16349342451436322 
0.5481722507128193 0.6995071835520954 
0.8035629209605032 0.354286632058357 
0.3898721427619608 0.8479997122982367 
0.749974557171011 0.4375381635963631 
0.5147381470516983 0.7350446399699586 
0.31876045087514876 0.8983917749580846 
0.03956530154247534 0.998434586914348 
0.2205116509726381 0.9513746117886045 
0.06645616432809437 0.9955835782228778 
0.9088408608831491 0.1740082895893922 
0.3366346405126017 0.8866771188070022 
0.8533549427641647 0.27178534166422524 
0.37244040371979853 0.8612881456770768 
0.9318804823195407 0.13159876755282116 
0.725556916547802 0.4735671608830856 
0.7507114909713941 0.43643225732372526 
0.6575614967994318 0.5676128779281213 
0.9917622482514966 0.016407642943154367 
0.3651613822094123 0.8666590384799502 
0.6473972438899706 0.5808768257539079 
0.8774265846558313 0.2301225885396894 
0.001857245815247599 0.9999965506380386 
0.6696779437425548 0.551531586132873 
0.6804679447150737 0.536963376383227 
0.3520119946459594 0.8761220720482004 
0.9755640202888566 0.048274842318190604 
0.5496812925238871 0.6978504766522429 
0.7234709432615377 0.47658979736983886 
0.23941413420008956 0.9426808723671832 
0.042862443770009515 0.9981628119905324 
0.4609833434979378 0.7874943570182779 
0.8714172767871521 0.24063192978583703 
0.9950390947825324 0.009900148449192472 
0.840448158036774 0.2936468936528431 
0.5339322326684456 0.7149163709218195 
0.3479579737407811 0.8789252485102759 
0.19386741171500355 0.9624154266749455 
0.4239207255909171 0.820291218414571 
0.9309670519655702 0.13330034815931446 
0.1494794855693084 0.9776558833958189 
0.12473176072334452 0.9844419878670221 
0.9961311173392502 0.00772279707043567 
0.5322180461416708 0.7167439552106705 
0.13766179331468298 0.9810492306774198 
0.7819266445401274 0.3885907225585779 
0.636484294383531 0.5948905995385393 
0.8281878571228277 0.3141048733269462 
0.9433294502036476 0.11012954837875714 
0.06429517577975052 0.99586613946504 
0.644880168803809 0.5841295678840458 
0.7747999826869745 0.3996849868286133 
0.33892742981813917 0.8851281973172004 
0.8627368364913669 0.2556851509611078 
0.6631233807338833 0.5602675192829598 
0.4528769114907154 0.7949025030422796 
0.7269736166965461 0.471514351975309 
0.47790003957134897 0.7716115522439727 
0.5513937069143466 0.695964979975615 
0.5381894846797254 0.7103520785826295 
0.9590949696766131 0.08013683914133886 
0.854600532112131 0.2696579305178281 
0.9441591254183817 0.1085635458899769 
0.9493490284093444 0.09873642225839584 
0.8841062743099427 0.21835609572630385 
0.11359502352982531 0.9870961706311534 
0.17096379859705185 0.9707713796103341 
0.9337526508084129 0.12810700644396292 
0.6079587994723958 0.6303860981480827 
0.16351553461851856 0.9732626699384678 
0.7851320411247454 0.3835676792698668 
0.8638472338929505 0.2537679564955459 
0.7599102570985375 0.42253641789622376 
0.6525550893010179 0.5741718554274254 
0.7872922657193399 0.3801708883467419 
0.29838437793035066 0.910966763244342 
0.6740459767913975 0.5456620211718358 
0.426400816172028 0.8181823439698327 
0.8224414571332965 0.3235900496008712 
0.52198347286299 0.7275332540579209 
0.20649277424034626 0.9573607341866923 
0.9387510206641909 0.11874652120200409 
0.6564217851667442 0.5691104399586016 
0.10883301228128733 0.988155375437794 
0.8909222785373709 0.20625753639800906 
0.17306111868491708 0.9700498491995566 
0.9967288387301197 0.006531622046673073 
0.47631767484279974 0.7731214728117517 
0.893726808715756 0.20125239138699721 
0.4435857571998134 0.8032316763951242 
0.9828428243995957 0.03401998262040588 
0.8100981679261277 0.34374095832306584 
0.3635745101602992 0.867813575561774 
0.8185600744421431 0.3299594045317963 
0.7635740919274104 0.41695460621859337 
0.6115452480904939 0.6260124095381195 
0.9737284057240614 0.05185299193263318 
0.727539358561155 0.47068648174445715 
0.35292649146147115 0.8754428916341496 
0.5095086454149247 0.7404009402475347 
0.43783368171183656 0.8083016671587543 
0.4075716870426434 0.8338877453349819 
0.6165045379598673 0.6199221546753263 
0.8742765840099255 0.2356404546522169 
0.5028206450279302 0.7471713989341521 
0.9424249845389033 0.11183520384790169 
0.7194613344424328 0.4823753882424154 
0.9986809394926591 0.0026363812438353245 
0.13405890188393096 0.9820282108259186 
0.769166980650189 0.4083821558784636 
0.7542142405998368 0.4311608813477315 
0.9417832874633351 0.11304423945614081 
0.9029638175226031 0.18465634434768466 
0.20222861927295976 0.9591035855580997 
0.2914071049314944 0.9150818991987203 
0.09028366351892461 0.9918488604226985 
0.9876556096216157 0.02453639678387891 
0.3315985128234439 0.8900424262938307 
0.3710224089902836 0.862342372124945 
0.9167493505744471 0.15957062822387963 
0.49550220107363624 0.7544775687333879 
0.5157679421146676 0.7339834303674192 
0.9221866296848227 0.14957182056873566 
0.9058743487677028 0.17958926238396117 
0.9569617050443572 0.08422429507867873 
0.23479492564906668 0.9448713428896477 
0.8262324687194665 0.3173400270469661 
0.6314789923079087 0.6012342822738633 
0.8512959390301943 0.27529522419134617 
0.5470496634136208 0.7007366671380362 
0.6196946819657221 0.6159785016059168 
0.32271177327666295 0.895857111389443 
0.9020295324879367 0.18634272251983566 
0.8060132571780545 0.35034262964785956 
0.417347559342249 0.8258210147147209 
0.9266422388194648 0.14133416151747416 
0.3162841956857898 0.8999643075611895 
0.579784599424784 0.6638498182699679 
0.8832518303478432 0.21986620622947514 
0.6266330427536335 0.6073310297296207 
0.733954064625951 0.4613114310519209 
0.6945475665164609 0.5176036778461462 
0.7471794365433612 0.44172289021621075 
0.5971246923761862 0.643442101755646 
0.007492769041188396 0.9999438584121125 
0.475538198101203 0.7738634222418992 
0.026575834364068462 0.9992937250280021 
0.815864565811128 0.3343650102538895 
0.77012126938548 0.4069132304406399 
0.912159218635515 0.1679655598584421 
0.3436744974356586 0.8818878398124004 
0.5542409388149121 0.6928169817422376 
0.7631558461639264 0.41759315451237355 
0.022639834868840608 0.9994874378800657 
0.8876324440262959 0.21210864431403176 
0.5398496348198278 0.7085623718412238 
0.6595474460186321 0.5649971664504266 
0.5862809078737856 0.6562746981170341 
0.7587655109811886 0.4242748995242108 
0.7734056705228551 0.4018436688076894 
0.12349598042194238 0.9847487428201073 
0.4275226890498358 0.8172243503573744 
0.9010188004199509 0.188165203372608 
0.25837106431860735 0.9332443941450762 
0.8916280024698084 0.2049995058951101 
0.8107442661414137 0.34269373491942806 
0.6818611498768802 0.5350653727433884 
0.6587183261823911 0.5660901667518768 
0.0593674841401482 0.996475501826986 
0.38835929727231644 0.8491770562755346 
0.5204882113706014 0.7290956544840643 
0.8945327702065867 0.199811123027933 
0.024531408436628016 0.999398210000542 
0.7373839796661903 0.4562648665320656 
0.6828439346866015 0.5337241609813349 
0.25361537905883547 0.9356792396598334 
0.3468137637463199 0.8797206490680496 
0.12139293820305573 0.9852637545546903 
0.5625441311313615 0.6835441005336189 
0.865098206666616 0.2516050929291414 
0.09244838672183131 0.9914532957927308 
0.553052291412988 0.6941331629661444 
0.49322653991764487 0.7569540134833543 
0.38754514530760154 0.8498087603513957 
0.7086537081739743 0.4978099219058589 
0.5617029776710614 0.6844897648756647 
0.38605429926823503 0.8509620781693829 
0.8432626356082256 0.28890812738709376 
0.4392459776811758 0.8070629710974756 
0.8592736550516793 0.2616487857362403 
0.7184360859446377 0.4838495904126147 
0.6227565650012548 0.6121742607709147 
0.18274493452234258 0.9666042889065 
0.4853583584587827 0.7644272638748099 
0.40450683105034624 0.8363742236349704 
0.3175025774767677 0.8991921132956577 
0.8990743046338292 0.19166539474762118 
0.6100116036892564 0.627885843367033 
0.33572832409371717 0.887286492543559 
0.86750964003083 0.24742702445379647 
0.8735399924281531 0.23692788231079884 
0.19670545425085262 0.9613069642680745 
0.9481040791185038 0.1010986551590022 
0.5963494793467469 0.6443672995567145 
0.459031652164118 0.7892899423128816 
0.9186289099640013 0.15612092577849548 
0.7109891308290268 0.49449445584381674 
0.8997594623750385 0.1904329112148443 
0.5982817214224808 0.6420589818117856 
0.07370580535088284 0.9945674542576315 
0.6883344362814963 0.5261957038299298 
0.12757390138009272 0.9837248996868384 
0.9536279474955323 0.09059373775558174 
0.8089954521624665 0.34552635849821617 
0.7126584916331651 0.49211787866047507 
0.8569264650677799 0.26567703346858745 
0.8329258415170989 0.30623454255490273 
0.9227805969648049 0.1484761881671989 
0.5305915955390765 0.7184725587588623 
0.8196360824428264 0.3281967546593458 
0.23805957108426853 0.9433276406702358 
0.054077489131387185 0.9970756251696273 
0.7101207470043078 0.4957285246743929 
0.6259120440969795 0.6082341130545306 
0.9036030253701983 0.18350157265621106 
0.9287121666632379 0.1374937114957573 
0.7858619539291789 0.3824209894245879 
0.43225898495487325 0.8131521699261882 
0.7053170693850657 0.502527832415741 
0.8576444553938527 0.26444598813388637 
0.9991569509178511 0.001685387432851331 
0.913253376017221 0.16596827119351398 
0.8794412239460156 0.2265831336255995 
0.8886227480372446 0.21034961170977837 
0.32080626332160017 0.8970833414137428 
0.26224583934725776 0.9312271197458123 
0.8417318228618104 0.2914875390842317 
0.13197684642552077 0.9825821120124796 
0.48643230956666295 0.7633836082097591 
0.6782888340174269 0.5399242576476481 
0.8689096716155721 0.24499598742862383 
0.6090697689711235 0.6290340165258979 
0.5906903990594868 0.6510848524602624 
0.052239479532257105 0.9972710367797002 
0.7224012672505629 0.4781364091177301 
0.07870111605198879 0.9938061343324938 
0.41366706932381136 0.8288795557581714 
0.6303784590903376 0.6026229983151541 
0.8390839187279518 0.2959381786513749 
0.6278057172860422 0.6058599813431024 
0.5069737139411659 0.7429778005372084 
0.6002408802854367 0.6397108856833635 
0.9907615299939029 0.018391590684265706 
0.8236579691750614 0.321588735111001 
0.9067732945907123 0.17776219221716144 
0.6211015978486072 0.614232805150159 
0.9109545615555807 0.17016178815170566 
0.31314776765896657 0.9019384756103731 
0.5229045059418079 0.7265708776658691 
0.3546431143036216 0.8742282615529837 
0.4711668465529033 0.7780018027094764 
0.3337903388069704 0.8885840097224725 
0.5685386475452675 0.6767638062483914 
0.29349145790815945 0.9138627641449842 
0.8021804305486385 0.3565065572370396 
0.8682396482882346 0.2461599368436024 
0.05053522183824896 0.9974461916663447 
0.16083880001832404 0.974130880410491 
0.807750916394643 0.347538457064924 
0.846719615549029 0.28306589264480536 
0.14556860362553736 0.9788097816522604 
0.9654611794112051 0.06788471105014225 
0.6983656014638945 0.5122854866921538 
0.13030008967849968 0.9830218866313156 
0.40265577440563227 0.8378707080109664 
0.7933192924849294 0.3706445001814208 
0.5402060708757914 0.7081774010493751 
0.5854011792860224 0.6573054653922532 
0.428696758372618 0.8162190893608848 
0.30192168601472774 0.9088432955141368 
0.6611501112615099 0.5628805307017309 
0.7798239613653948 0.3918745892804689 
0.7556293167278729 0.42902433570140486 
0.08355605717393239 0.993018385309606 
0.4657280116403314 0.7830974191737218 
0.7288162279007138 0.4688269089208419 
0.0808819135453046 0.9934581160659883 
0.36251021839122577 0.8685863415643784 
0.2336755190196315 0.9453957518120584 
0.8825625490325036 0.2210833470453487 
0.18120077787759079 0.9671685160446679 
0.23222975144616595 0.9460693425489396 
0.9274339910100559 0.13986619231925712 
0.66824210374886 0.5534524908589737 
0.9515971590156677 0.09446284695557042 
0.4592991033832789 0.78904433363147 
0.6422625052051008 0.5874988744078854 
0.2831641889409824 0.9198180421016462 
0.37941462349660626 0.8560445434770391 
0.30430402728983896 0.90739905897534 
0.5748001835329224 0.6696047490106523 
0.4311898725276878 0.8140752938298499 
0.8443326229384508 0.2871024218457881 
0.8486314442143674 0.27982467189097704 
0.3740829245506725 0.860061965559638 
0.6936526129262675 0.5188460539730614 
0.2881822796350524 0.9169509737076877 
0.09726201841588492 0.9905401097228288 
0.604260337903238 0.6348694575215795 
0.3852447392569945 0.8515864909578064 
0.4695681275011528 0.7797280588869134 
0.950467348359143 0.09661181976080417 
0.1545073084415342 0.9761274916382524 
0.7866742319282887 0.38114365282257484 
0.7916250380888814 0.37332979907086056 
0.30546468094125134 0.9066913287023788 
0.20409162088516147 0.9583466102865766 
0.512544882265731 0.7372977436636398 
0.1395866031580006 0.9805155806756253 
0.8928794672307451 0.20276628207633357 
0.7300510898683112 0.46702540621782296 
0.4939815791149371 0.7559821994978234 
0.41121299549112156 0.8309038723393926 
0.6746990207225108 0.5447812329284992 
0.3319097262728497 0.8898359336061336 
0.5052661729940168 0.7447062413901244 
0.9746143390877561 0.05012689004812874 
0.22521951380200078 0.9492761706031042 
0.565332838216287 0.6803987820612928 
0.5347215398625913 0.71407287481697 
0.18583755476603284 0.9654644032516984 
0.3275178053541102 0.8927339460002138 
0.8510232970348801 0.27575934842839767 
0.9488144821768845 0.09975108365236308 
0.9279584286117832 0.13889315476879327 
0.451314313346234 0.7963153905846463 
0.1050025213912206 0.9889744705016449 
0.8028431331242202 0.35544290360015585 
0.8369397011555118 0.2995319367353374 
0.745195131632609 0.444684215791269 
0.4487701491920953 0.7986053532932635 
0.7943067524312246 0.369076783042757 
0.8488922669697656 0.27938191907983345 
0.15292920638818946 0.9766126579307024 
0.8007669859082013 0.3587722342797273 
0.4086096257398126 0.8330381737614307 
0.618790221267894 0.6170986620632911 
0.11621148291688521 0.9864948912382931 
0.9408888891593516 0.11472809833310363 
0.38396612033423244 0.8525700185822221 
0.0851903676766278 0.9927444741183991 
0.8787039516534436 0.2278793653492975 
0.7739734376922879 0.4009651177470026 
0.7547257625672064 0.4303908757819729 
0.8696700683903641 0.24367397218310216 
0.9772298596937758 0.04502180132296041 
0.7767123439862461 0.3967179346999826 
0.16951219010372603 0.9712656174062642 
0.9727886007084325 0.053682338331925095 
0.8349124557557673 0.3029211912438083 
0.8116790920230698 0.341177051573202 
0.14408721153302115 0.9792388754741783 
0.7966453451296778 0.3653561940859341 
0.22311304567002843 0.9502205688525107 
0.22277977619614112 0.9503691717699667 
0.6850400449211663 0.5307201404691805 
0.27490304050499537 0.9244283183476065 
0.5130990106230455 0.7367294052988516 
0.8200704801279438 0.3274855887551856 
0.44171881682919406 0.804884486885495 
0.27951947405670946 0.9218688636231088 
0.7840219648534231 0.38530955863725747 
0.0775049317079845 0.9939929855610252 
0.49844345651704897 0.7515541219762147 
0.40612840113554083 0.8350597221057183 
0.24158739340228214 0.9416355314107965 
0.3666385825928888 0.8655761497545944 
0.19136385826976532 0.9633798737481467 
0.8761774219478823 0.23231312526883682 
0.8924475491516595 0.20363489627072132 
0.4183969943355018 0.8249439551313276 
0.7777544863699919 0.3950979589325899 
0.5111924233680628 0.7386823118076122 
0.9938450896448179 0.012272060773237482 
0.5663738677649393 0.6792206419603976 
0.9806528047867277 0.03832007646471708 
0.5416716796412142 0.7065917914752838 
0.3256291306742072 0.8939656692567631 
0.2599096549897031 0.9324469712431642 
0.8410171439677234 0.2926901635545681 
0.8340207289111362 0.3044094237502279 
0.6248683621615101 0.6095395304168347 
0.5059214766679784 0.7440434594730575 
0.9885066331642159 0.022854676958840844 
0.9300846997607236 0.1349424515302292 
0.6641370804479464 0.5589219383805659 
0.12793572136810685 0.9836324512027892 
0.9601730965465637 0.07806762469189259 
0.7093474109505951 0.49682625057786917 
0.3574534378018551 0.872227848149375 
0.7311574016797598 0.46540975454381966 
0.6858559165162579 0.5296016618046847 
0.7759212772847098 0.39794617151164513 
0.8644694854549938 0.25269250882394995 
0.8801373528271988 0.22535824015873715 
0.6974343249766735 0.5135853627926936 
0.5015789519400816 0.7484185613929518 
0.06906278760201921 0.9952303313775152 
0.03009359916717827 0.9990943752896356 
0.3954465616724489 0.8436220168615117 
0.8860062597214052 0.21499290773464153 
0.5108304391678299 0.7390522624197404 
0.9113535211808896 0.1694349863597444 
0.0945518679747756 0.9910599455449987 
0.6726935259453068 0.5474834901475503 
0.37999228061699364 0.855605866671536 
0.8818913325181152 0.2222676798002603 
0.7349678456628637 0.45982226584185765 
0.3946059908887842 0.8448571008715368 
0.20483969911291103 0.9580406976674297 
0.2851236906281099 0.918704481042657 
0.7806060237829743 0.39065423563377577 
0.956014316572995 0.08603662667728577 
0.7790762937500676 0.39304012851677744 
0.5952842695396752 0.6456366384547805 
0.8475142102814608 0.28171966337257837 
0.36139094662431676 0.869396583698028 
0.3680813253378965 0.8645161379375571 
0.014849651974469025 0.9997794878449361 
0.2498344096115268 0.9375827677740998 
0.1184807547844981 0.9859623107457208 
0.8250395767264355 0.319323136450504 
0.88133496712606 0.22324867678107185 
0.5314889109430326 0.7175195375449887 
0.6902969704227182 0.5234900928105105 
0.7619810216578529 0.4195564903387187 
0.47387926680238934 0.7754384405887478 
0.403405536215661 0.8372723840213188 
0.7034948062986918 0.5050950575113876 
0.15574323492679115 0.9757440447963612 
0.5085933586544076 0.741332800981027 
0.44775891760996817 0.7995119517018083 
0.10198669545419581 0.9895987140564315 
0.9345811633372026 0.12655804913547058 
0.472425300010514 0.7768143359228027 
0.2775808100852705 0.9229488938725322 
0.36043858078743113 0.8700840294803781 
0.7202622073177262 0.48122235270997493 
0.30783581667237525 0.905237109973705 
0.7139832360638025 0.4902279387110334 
0.9368540607177589 0.1223044689177372 
0.6239124227826957 0.6107332897869786 
0.3761047083644632 0.8585452483462509 
0.035974383491028716 0.998705847931785 
0.7044034748890968 0.5038157445690087 
0.39301608185730164 0.8455383594015767 
0.8806764228037163 0.22440903870706805 
0.2934230291718313 0.913902925976523 
0.5930320497961399 0.6483129879156214 
0.9396890687361954 0.11698445409891013 
0.8659727658163221 0.2500911688645351 
0.6035811416145388 0.6356898054879833 
0.4788034706371521 0.7707472365059455 
0.8667627759071741 0.2487222903017673 
0.9798899935310867 0.03981560058248639 
0.6929964003915792 0.5197560561012093 
0.7885047600633791 0.37826024335796044 
0.9888098949876868 0.022254991577655193 
0.22067077608466593 0.9513044085838586 
0.9707137585627094 0.057714798937085574 
0.6140624555520529 0.6229273010679616 
0.7556293167278729 0.42902433570140486 
0.7117843824256626 0.4933629930491089 
0.21536805752972998 0.953616599796012 
0.507852319952443 0.7420861638731758 
0.8356807864703617 0.3016376231257254 
0.4338838872990899 0.8117447723422935 
0.8085731273444308 0.34620949774126225 
0.9575035374591632 0.08318697575357828 
0.3408575964128432 0.8838160989681193 
0.8849764849953481 0.216816621005455 
0.018699818928447395 0.9996503167720664 
0.5460121168194049 0.7018707682898472 
0.9152057923089377 0.16239835773079928 
0.7245407625102513 0.4750470192698241 
0.25470675104467927 0.9351244709767648 
0.33421463316847744 0.8883005789785275 
0.4741466657666004 0.7751849394273921 
0.17892888031636683 0.9679844557936743 
0.44057583236723535 0.8058929359347548 
0.5001685508087019 0.7498314217044337 
0.034092818635737265 0.9988376809716409 
0.25196282062669195 0.9365147370219442 
0.17440911564753808 0.9695814603857983 
0.4906976296855673 0.759215836223532 
0.6794746194646606 0.5383142416725546 
0.5636364465140284 0.6823139561616502 
0.8981335899423463 0.19335605505744086 
0.6864816337815782 0.5287429665580752 
0.5948067833578515 0.6462048904715673 
0.6397979872731193 0.5906585356057606 
0.5606223850239684 0.6857025414102828 
0.8254851002318133 0.3185743567043558 
0.6390315732642828 0.5916386484994152 
0.39705994317501747 0.8423457730316977 
0.9925425200429886 0.01485934590672374 
0.4209456909269272 0.8228047252902928 
0.8271192666217833 0.3158737187832068 
0.7394654666695438 0.4531908236032757 
0.6669079118012553 0.5552338371769437 
0.7723361913337938 0.40349680776023744 
0.8293058180533399 0.31225186026300294 
0.10733720128779589 0.9884787252605054 
0.7923677332552895 0.3721533757873264 
0.5804727887930599 0.6630513414721261 
0.3211615441632659 0.8968552625507138 
0.5199806956441995 0.7296649557276266 
0.9043782090776329 0.18210005495002277 
0.32708782095451294 0.8930135573864473 
0.08195005701639663 0.9932841886375137 
0.9176826267348683 0.15785859746158892 
0.3777712363796119 0.8572888929643554 
0.17998602057845414 0.9676050324096241 
0.7833540993964307 0.38635635534494694 
0.43684204074378374 0.8091690314392425 
0.2839927709010457 0.9193481060812116 
0.8071157748507268 0.3485641259873371 
0.9380653574173885 0.12003338521343943 
0.9790346000877618 0.041491251831472155 
0.9052302255676178 0.18055824257228167 
0.9930825155982557 0.013787117213181469 
0.04622724975373149 0.997863041386962 
0.5715510970179903 0.6733293844415263 
0.5911060096662307 0.6505937507317643 
0.04436786087678757 0.998031492921528 
0.4548962681489517 0.7930693852252794 
0.6149552164459842 0.6218300817660105 
0.12018938189416856 0.9855545124799149 
0.49925936411486077 0.7507400873437804 
0.031818586441200086 0.998987581899903 
0.41008681210372644 0.8318288065397793 
0.7290764314094659 0.4684476529024234 
0.4333160530675486 0.8122371984064326 
0.7443622766315894 0.4459248011280442 
0.7916250380888814 0.37332979907086056 
0.43026183732580503 0.8148747513410801 
0.662035515338976 0.5617089764300043 
0.4949521800508475 0.7550223402628238 
0.8970968157686249 0.19521730313819505 
0.2782264177976135 0.9225900604398888 
0.9300846997607236 0.1349424515302292 
0.6207132281907141 0.6147150884060595 
0.8242176997366012 0.32066518344124184 
0.3455287704476295 0.8806098693231438 
0.9328301431262924 0.12982792437473656 
0.9580781060027421 0.08208634295634319 
0.9904632249346607 0.01898260007361954 
0.6514321522143149 0.5756361510699542 
0.9585248163303695 0.08123017647928776 
0.9128438024136833 0.1667161923972159 
0.8601121763236044 0.2602070441420344 
0.4149043627451224 0.8278561770304229 
0.26351054135246854 0.9305621945994504 
0.14179631062002673 0.9798938072650466 
0.14282569438676251 0.9796008219771899 
0.8150059948144724 0.3357652285354928 
0.4056409782815738 0.835457191787737 
0.4192398974942674 0.8242379083959029 
0.38248380631462364 0.8537061383890409 
0.5721960338695172 0.6726324262887431 
0.5564126307845139 0.6904049850823862 
0.6839643377660863 0.5321927846642645 
0.9725269219669553 0.054191386049509745 
0.42956191426246215 0.8154765618153677 
0.9080720800422093 0.17540510551466512 
0.8424818032172361 0.29022441129558857 
0.4361881958708096 0.8097398577832534 
0.4465921340164859 0.8005554658347136 
0.8450876008132531 0.28582694695448535 
0.5553310238332323 0.6916074539686451 
0.7177947611751789 0.4847706808295217 
0.5845348096130526 0.658319056350667 
0.2295610544881172 0.9473017222625159 
0.16832034037242904 0.9716682630187342 
0.37787147959535233 0.8572131450093933 
0.4648584353347057 0.7839066350982176 
0.7591884686088358 0.4236328691321082 
0.8065763014406465 0.3494346699545534 
0.2657683275463231 0.9293671960852807 
0.41226272899367244 0.830039442282848 
0.14703606715659273 0.9783803949640845 
0.2641821549189799 0.9302077890239091 
0.3237777860607389 0.8951679452537629 
0.6506647830281215 0.576635340130132 
0.940546323951191 0.11537261250273284 
0.2009547416384606 0.9596171918133795 
0.6913530132751742 0.5220310779891701 
0.8852802033928399 0.21627896530263596 
0.8293704367318661 0.31214467867821116 
0.7001826445399235 0.5097442643263118 
0.4919198908821777 0.7580148209546752 
0.27381443836111913 0.925025653346762 
0.15869638172376332 0.9748154584342671 
0.9548788643846995 0.08820788806475881 
0.45610593497876917 0.7919673760773808 
0.1776040682723699 0.9684567949338277 
0.9896061988216533 0.020679571253801383 
0.6027668450920296 0.6366721304578739 
0.9449903837479489 0.10699317462552094 
0.8274211231014174 0.3153742850556806 
0.9717993385802046 0.05560604553616445 
0.9513820822750094 0.09487213352641313 
0.889959583844089 0.20797193928028962 
0.2366252267643859 0.9440085020588022 
0.14052989095384405 0.980251349750471 
0.6333782749149727 0.5988319608657959 
0.544554916132356 0.7034599433168329 
0.5602047479997322 0.6861706403505898 
0.9159920452520531 0.16095857304329464 
0.20815056209369703 0.9566733435002557 
0.770827398159087 0.40582512224809353 
0.21308289836351935 0.9545956784251792 
0.28614975074321086 0.9181183201547968 
0.544554916132356 0.7034599433168329 
0.543314417568177 0.7048094436939403 
0.923587304698338 0.14698649060056 
0.165326569000117 0.9726671255836311 
0.6414722898209972 0.5885133013922738 
0.9472292945903836 0.10275666351222508 
0.7389076841149421 0.45401543435606223 
0.4877563182230515 0.7620937740336423 
0.9212534379612883 0.15129210304673485 
0.13563349314053041 0.9816035555385975 
0.24839275317382356 0.9383010401943817 
0.7329054771626619 0.4628495615466403 
0.381344354503426 0.8545764832886756 
0.28988469072156575 0.9159668661242821 
0.35517656594292385 0.8738496070402375 
0.9254087228276019 0.14361869571559452 
0.8303767597935495 0.3104744367956542 
0.9626620672145451 0.07328184019532981 
0.7529582575613819 0.4330538628970869 
0.5646707674787607 0.6811469837319392 
0.3972089388519257 0.8422254135034636 
0.6492538034973485 0.5784694987046963 
0.6891877937287086 0.5250201849754728 
0.875272906147763 0.23389733977551502 
0.19818158345370018 0.9607240599801083 
0.6059287514225449 0.6328503482037547 
0.21196648255684053 0.9550702102741305 
0.73056671086828 0.4662772894211282 
0.6676532487418709 0.5542391394445288 
0.9362520479036145 0.12343215948165397 
0.18417745097906998 0.966087694448756 
0.6283617839713744 0.6051614684483677 
0.3101998757026589 0.9037760372233847 
0.6874983454451934 0.5273460250102622 
0.16651470727125872 0.9722728522746347 
0.6128792799172191 0.6243789882482261 
0.40014932020391436 0.8398805215403888 
0.9763887684424808 0.04666497288202972 
0.40954115267723784 0.8322760442638888 
0.9551418576180042 0.08770403182617895 
0.48437437402821115 0.7653826195610907 
0.9237642537668529 0.1466596034629138 
0.8139132753660144 0.3375451801830156 
0.48333606850798005 0.7663862448794873 
0.765443917208227 0.4140956096091303 
0.18889098835549806 0.9643201947703991 
0.8871116413821133 0.21303293572445897 
0.450982905098524 0.7966144193090267 
0.39858567222612873 0.8411294619683995 
0.15705865240185152 0.9753325797062902 
0.7777194714401447 0.3951524238061923 
0.18735720587529447 0.9648972774071569 
0.009949244864810636 0.9999010125266624 
0.36992937656084984 0.8631522563573183 
0.895208774364634 0.19860125030080172 
0.3586159059688624 0.8713946319861792 
0.8620488076680363 0.2568718531985238 
0.9706868845006928 0.05776697225944487 
0.9506201270443855 0.09632137405825715 
0.9175354985532218 0.15812863987537792 
0.9329218264880896 0.12965686590057685 
0.2571730210712999 0.9338620372389593 
0.8585355754461361 0.263328203177183 
0.6894857936207713 0.5246093409356908 
0.5677877844673018 0.6776456364685703 
0.5938304461586541 0.6473654430801697 
0.6134879932663533 0.6236324846563454 
0.9202562462515862 0.15389957462856982 
0.5357832593958132 0.7129362990218486 
0.4351383011391228 0.8108012987822345 
0.9816896581059842 0.03628541519796692 
0.9353498225888307 0.12512070963589436 
0.48333606850798005 0.7663862448794873 
0.3998021068676196 0.8401582753442893 
0.3832291167109625 0.8531354442382072 
0.3148794149407972 0.9008509540466308 
0.6180990610303186 0.6179535507535348 
0.48734413938059534 0.7624956898115056 
0.9743288342318729 0.050683322784808936 
0.6229102702171879 0.6119827952625939 
0.6969431199247491 0.5142702875896763 
0.813353342699448 0.33845633992744867 
0.7461754030166853 0.443222267933039 
0.5695710277483987 0.6755888443624274 
0.9359114287183957 0.12406979759442453 
0.6524549650961647 0.57430251852142 
0.7332384809995598 0.46236133313077704 
0.5040970913747181 0.7458861224742342 
0.7015492371443145 0.5078286678624901 
0.03785766351452913 0.9985667973156547 
0.5375232720420804 0.7110687320231052 
0.4896235353831436 0.7602687936012118 
0.47958294612453745 0.7700001977916532 
0.8166090757956765 0.3331496173406328 
0.6725980132082384 0.5476119146773993 
0.46681453174044235 0.7820841929559972 
0.8169822695347705 0.3325399713570306 
0.15993032411481664 0.9744222914303754 
0.6069285679779165 0.6316377133723785 
0.989763667107718 0.02036788327494931 
0.4632330255734998 0.7854151640248467 
0.699022665955535 0.511367312913163 
0.7529582575613819 0.4330538628970869 
0.9558006487304496 0.08644511988841401 
0.6755998558373237 0.5435648347926343 
0.9474209626585279 0.10239351951523427 
0.449911913810502 0.7975792698114854 
0.5705947499431984 0.674421631338247 
0.8553819382811484 0.268321739667663 
0.6333782749149727 0.5988319608657959 
0.013222271857905865 0.9998251717567165 
0.5743203850264169 0.6701848613879121 
0.6908946695439709 0.5226645557819257 
0.4683863051007454 0.7806142691942434 
0.7891008413964964 0.3773198621087467 
0.9246220842190536 0.1450740027567137 
0.8617664900897725 0.25736952154059195 
0.012028623955018025 0.9998553122108522 
0.5533411227306637 0.6938136019074193 
0.22690939844323182 0.9485121248981643 
0.7349659178016448 0.4598250996707821 
0.31251194963749496 0.9023362813339405 
0.49750517016081747 0.7524886057013138 
0.9194087338363174 0.15468758014638717 
0.9717993385802046 0.05560604553616445 
0.07177220176989421 0.994848751053177 
0.44000236008094246 0.8063979231233774 
0.009426512634438305 0.9999111408600039 
0.4620061523893596 0.7865503151594243 
0.09374715316196852 0.9912114712740269 
0.28047618848979794 0.921333108962141 
0.7247958825492166 0.4746709286400037 
0.7177947611751789 0.4847706808295217 
0.3148794149407972 0.9008509540466308 
0.7434692685482217 0.4472534467244909 
0.5018698556609574 0.7481266479789315 
0.8761593919745891 0.23234471985569907 
0.2519747041673809 0.9365087484704931 
0.9764762343426627 0.04649416376716273 
0.281602977713311 0.9206997632695813 
0.820965690954372 0.32601648908339637 
0.587323470667467 0.6550511409225287 
0.8459635033300796 0.28434575112886135 
0.9203976325622601 0.15286841575768664 
0.3586159059688624 0.8713946319861792 
0.3562640855673538 0.8730759016945214 
0.055827396285278996 0.9968834098266609 
0.831261483984981 0.30900434524370557 
0.9398978425435821 0.11659308852562417 
0.7010467931474267 0.5085333938179645 
0.7928395184975274 0.3714054979087405 
0.6052554176659721 0.6336658793872378 
0.36992937656084984 0.8631522563573183 
0.09660309730394412 0.9906678416322539 
0.72088666850978 0.48032241406095805 
0.6778128421719345 0.5405697509872734 
0.11528982547924038 0.9867082561419542 
0.4679682203349074 0.7810057448795801 
0.2609287694684276 0.9319161772732484 
0.6484491174425866 0.5795137420880327 
0.587323470667467 0.6550511409225287 
0.9259328305788257 0.14264839333055535 
0.016493541171211434 0.9997279631962634 
0.3420544746790448 0.8829987363657619 
0.416059976421203 0.8268940960206592 
0.8178084140660489 0.3311893978828258 
0.9212060330760914 0.151379444627951 
0.8013712070404172 0.3578041943153634 
0.26538747728544243 0.9295694881980339 
0.7153853930334713 0.4882237394344281 
0.0329570913060348 0.9989138301327277 
0.49167817370912215 0.7582525742345105 
0.6361036790428326 0.5953721095093659 
0.8586163667328574 0.2627779347785909 
0.2478618910953952 0.9385644859672461 
0.6871974761890067 0.5277596287197609 
0.6704945937566652 0.55043713748933 
0.46423226420751207 0.7844884048783094 
0.16734930691255911 0.9719943201581915 
0.9541635390037935 0.0895719408361982 
0.2084846751703145 0.9565341445537714 
0.9457297012577751 0.10559533270625666 
0.16441193194451337 0.9729687166470513 
0.7218285131870408 0.4789635976341623 
0.08720824053247322 0.9923947231607481 
0.6156138757241039 0.6210195560167258 
0.9047144552209643 0.18149175451425564 
0.22871124444929136 0.9476911668161114 
0.5812353051251575 0.662165520076248 
0.629752222104782 0.6034121387545052 
0.7716831518615977 0.4045051131330508 
0.9374062163355782 0.1212708223107177 
0.8954850486593605 0.19810652762781084 
0.9644786032551171 0.06978102386327853 
0.9943937412055402 0.01118108745217895 
0.08660033941823966 0.9925003911425141 
0.20019314658008813 0.959922704083688 
0.7954070909194091 0.3673275597151954 
0.8892156766589611 0.20929548038439602 
0.4622827642809558 0.786294645848836 
0.8561748543559788 0.2669646187828861 
0.06979372624290936 0.9951288361026651 
0.7380054149384215 0.4553480075217634 
0.8120923412213534 0.3405060312337327 
0.6327790774356025 0.5995906391623297 
0.8458009638515067 0.28462072961670887 
0.7468415495328364 0.4422276998916537 
0.702553214369324 0.5064189809794641 
0.9631792285201546 0.07228577374888301 
0.9071793939887094 0.1770255471223893 
0.7319531598753172 0.4642445717537551 
0.9464541891079263 0.10422446806995123 
0.5041066806193409 0.7458764559328923 
0.4538788819965427 0.793993960477768 
0.7321110655745026 0.464013388921733 
0.6796423210940086 0.5380863153792508 
0.897494208701348 0.1945041453478997 
0.3671771843660093 0.8651809152817834 
0.8603626423819244 0.2597761236084193 
0.48028724676083034 0.7693241606301453 
0.702553214369324 0.5064189809794641 
0.6822213646913993 0.5345740095587119 
0.2906442245598283 0.9155259351811409 
0.2709236180036423 0.9266003932079361 
0.34454972131688555 0.8812854895406025 
0.45570771959928047 0.7923304743434376 
0.3420544746790448 0.8829987363657619 
0.8383847213927091 0.2971110589355297 
0.8964128790655223 0.1964439502464413 
0.15096664607211452 0.9772090717740743 
0.26726655288967915 0.9285685897077316 
0.6843705871687894 0.5316368994183218 
0.9615312397298627 0.07545791681847631 
0.5556138340323038 0.6912932674325936 
0.1847237230040787 0.9658771461977456 
0.31123060485647686 0.9031355107527304 
0.19134568994522871 0.9633868269394328 
0.40129732185720324 0.8389604594702466 
0.8309198815510385 0.3095721505219443 
0.04877141782601413 0.9976213491157728 
0.10300168186555614 0.989390717352029 
0.3932654548237631 0.8453422820423033 
0.04846728884923407 0.9976509240381948 
0.26726655288967915 0.9285685897077316 
0.19528323756945531 0.9618644571244772 
0.4218552110405089 0.8220381809662713 
0.23069374612669702 0.9467803954981384 
0.4144029578017595 0.8282701885653853 
0.243159919040905 0.9408732537720497 
0.6650540305785456 0.5577039219597006 
0.07152287541796848 0.9948844873604433 
0.9801426164223134 0.03932045147393629 
0.17544166672044703 0.9692202215784521 
0.07528078100078195 0.9943328040126331 
0.7649592274917568 0.41483738236622614 
0.23110941169760008 0.9465884398256053 
0.6555503120674452 0.5702537894695708 
0.246777129212718 0.9391010485308589 
0.40129732185720324 0.8389604594702466 
0.5506651810992113 0.6967678583982843 
0.7383370009648295 0.454858473194677 
0.8217019338162188 0.32480593196283775 
0.02051730863628354 0.9995790400464284 
0.5893112910769894 0.6527122022092343 
0.915754266269773 0.16139412386237262 
0.5893112910769894 0.6527122022092343 
0.20984859117055177 0.9559635687885081 
0.9191037607340787 0.15524827700869745 
0.6068054595833954 0.6317871345201809 
0.4470106143888536 0.8001815110349566 
0.6655675628032856 0.5570198193441541 
0.21622478629673658 0.9532468417928688 
0.9015255210466144 0.18751973330014465 
0.6920921258312084 0.5210084893625593 
0.15176500757867636 0.9769673824750462 
0.8960625350831635 0.19707193322048303 
0.6439729680774391 0.5852988163855939 
0.6404266568425266 0.5898536972159452 
0.5592893975977435 0.687195369734841 
0.5640442944423693 0.6818540339089495 
0.5356848729778249 0.7130417207232885 
0.7428278979079699 0.4482067140897601 
0.6549748502393129 0.5710079455541677 
0.6013231099996746 0.63841051738047 
0.9779117491680043 0.04368861083967203 
0.6969431199247491 0.5142702875896763 
0.5432124872726702 0.7049201936759518 
0.8143711831431177 0.336799576067493 
0.14703606715659273 0.9783803949640845 
0.8125779814112071 0.33971702422328176 
0.7039439105664062 0.5044629707765633 
0.3986916998327273 0.8410449293521001 
0.286911135816837 0.9176820001443238 
0.5569960896621644 0.6897553561016732 
0.34012170793489505 0.8843172237927736 
0.7712298984288668 0.40520444376982606 
0.670708993045657 0.5501495844199623 
0.546109556655754 0.7017643521294187 
0.44965208619427344 0.7978130013828013 
0.42362051261187156 0.8205456612945128 
0.6013231099996746 0.63841051738047 
0.24971994511602377 0.9376399490112928 
0.8663055826119744 0.24951463753636222 
0.836157625003873 0.3008404261684794 
0.6922788919502939 0.5207499357601876 
0.8613276247981108 0.25865876414861355 
0.15777008432269907 0.9751086004987783 
0.9286966534042105 0.13752252605520018 
0.6243838998898279 0.6101447455703537 
0.2760858515943829 0.923776602549548 
0.02854729716362414 0.9991850528794383 
0.8473787688558048 0.28194922209332346 
0.6022198152764009 0.6373312940889502 
0.5582408293258633 0.6883671764736443 
0.19926533669384922 0.960293325592358 
0.2566272024660049 0.934142479016024 
0.6645980224263813 0.5583094711428933 
0.7123375678671747 0.4925753658851858 
0.4160185150143561 0.8269285951655886 
