0.0 1.0000000000000007 
1.0 1.3322676295501886E-15 
1.0 1.3322676295501886E-15 
0.0 1.0000000000000007 
0.5353461539703687 0.7134045930143993 
0.516394487184882 0.7403843496081604 
0.5594054929764993 0.6870658860519643 
0.8608817096151723 0.25888486151096307 
0.6102517726537864 0.6275956860662023 
0.24057589356595438 0.9421232448779241 
0.8927798145008133 0.20294567591902155 
0.9378508176597002 0.12043792985564179 
0.2062165646617909 0.9574768097380731 
0.17655657275374592 0.9698083822243858 
0.94935371163335 0.09872754753415419 
0.44177057847549395 0.8115348246389817 
0.8732374514581648 0.23745856140789437 
0.21571009771691863 0.9534692567272587 
0.3481032593804319 0.8788897816238357 
0.48466627676229707 0.7745140019431662 
0.8239357960419085 0.3211728071227357 
0.6419051346595539 0.5879578043872731 
0.33663432172845437 0.8866781263275005 
0.026894215396223164 0.999276703653301 
0.49846217250443503 0.758173955368925 
0.6244744291509378 0.6100857228524881 
0.9047228395834082 0.18390289088901896 
0.15047566097718773 0.9773570783141188 
0.7499455453918412 0.437671872536717 
0.8004873435123703 0.36297398560189326 
0.1239177919005908 0.9846445557779099 
0.32057184760629226 0.8972623867437973 
0.47105535465639803 0.778106855131081 
0.8515762550908155 0.274820551757207 
0.9866231841800461 0.026576193619851533 
0.9937019958536157 0.012556343436542003 
0.9561059979049745 0.08586134094962612 
0.4535007752787661 0.7995875836409013 
0.704935934080083 0.5030654085268971 
0.4588773674427393 0.7894316889069792 
0.5732293449938783 0.671408133493947 
0.9298396093981447 0.13541512521768728 
0.5852312276020477 0.6575044255805592 
0.05538059981565979 0.9969335840536573 
0.7586303097198912 0.42448006000712774 
0.88333828707238 0.21971359399607232 
0.9802594125970706 0.03909148987560225 
0.6554723661358461 0.5761283740670221 
0.9084049317187395 0.174800549322841 
0.6908734693724643 0.5226938539662969 
0.5020976554414437 0.7478981352619745 
0.4237124142754181 0.8204730389479976 
0.7176343087185039 0.4863999300636797 
0.8335087380007518 0.3052987609941694 
0.13358431102317864 0.9821554124532106 
0.700883461881766 0.5087623909587703 
0.598088345589926 0.6422935613285818 
0.963243417029384 0.07276072158462275 
0.6729271547950788 0.5471690630008119 
0.7446710103212676 0.45311748482682046 
0.7699288451014596 0.4198565866403339 
0.9167001569522064 0.15966082522104502 
0.6815281025637372 0.5355198682148637 
0.062008285945468866 0.9961580068917527 
0.3048976489797607 0.9120012832191278 
0.9242670508886774 0.14573041871519737 
0.5731420617235844 0.6843212249458115 
0.8075342635612042 0.3479251392814391 
0.3676064999056519 0.8701107659569676 
0.2879757839743365 0.9170699569874284 
0.39649685565541365 0.8427902530710346 
0.7270758363504596 0.4713619023898649 
0.8791900219287241 0.22702514824774075 
0.2548070869371536 0.9350733711285867 
0.37940942826580004 0.8560484920436896 
0.632833693703226 0.5995215224614298 
0.09970581232080827 0.9900587555296285 
0.7371044791267672 0.45668046688132835 
0.4189962709304792 0.8244806197534343 
0.8459154336625504 0.2844292016954073 
0.3680421494842981 0.870102371479997 
0.8157449958133064 0.3345647299368961 
0.08189175090956244 0.9932938738450757 
0.7912035670836 0.3739969166612299 
0.841954788223261 0.29111288911244354 
0.7310758668312387 0.46553206788424745 
0.6676915106715852 0.5541882090851229 
0.7195810102116964 0.48222008189210613 
0.2737002775391796 0.9250881841302624 
0.662349916358514 0.5612925914545626 
0.7708445526043464 0.4057988526010036 
0.7894857140544351 0.376716176180972 
0.8368773291563597 0.30011518385034097 
0.9742438191922596 0.05089803052072309 
0.16668041765796598 0.9722176430674133 
0.31174470599796367 0.9030480051873663 
0.2689735039092434 0.9291378958622092 
0.28394836542929575 0.9196719019383173 
0.6857248938256102 0.5297865949428315 
0.6576788084424534 0.5674586150029992 
