4.5697427504369503E-17 0.999999993240013 
0.8518331026878141 -0.7733690123029074 
0.8518331026878141 -0.7733690123029074 
4.5697427504369503E-17 0.999999993240013 
0.8233319040714487 -0.45826548740613104 
0.6525116303246927 -0.45826332567085815 
0.4538817637038581 -0.12421844472233717 
0.6183970562828343 -0.1242230150310384 
0.2577626924296159 0.24216108549106768 
0.40931389891515585 0.24215808639588904 
0.18222890123008326 0.66965140444034 
0.08300149390482459 0.6696523565499044 
0.21471445705757752 0.4408688451633674 
0.21406351283913352 0.4457999152674754 
0.20539761637068985 0.512129038553311 
0.43781026832360964 -0.06777013256228337 
0.21514656626333925 0.4376049254979934 
0.8378149795292531 -0.6924971342365842 
0.4147379001581042 0.17077147084902702 
0.07118531750566941 0.6772017671719192 
0.6331756166484052 -0.34249413935829287 
0.41602815149265426 0.15425212782146727 
0.8374621713374717 -0.6884623366272851 
0.06091802389817512 0.6958146863377608 
0.044183749979524636 0.7463524864204999 
0.8285758603686184 -0.5581400380520343 
0.19419617216227553 0.5959468966653751 
0.6210900138438176 -0.17014892176652965 
0.4199120522833419 0.10611523751503582 
0.016375608197111313 0.8639749981967846 
0.07295180544870111 0.6751098519360919 
0.031844974931636516 0.7947442458104415 
0.8293482084103055 -0.5715204810663743 
0.43713038752002936 -0.06304456566597662 
0.6213377588092699 -0.17425252545663725 
0.007447512573764414 0.9119743842494545 
0.6262241282912979 -0.25084806529464326 
0.4196077354646604 0.1097914290146881 
0.2048280578082721 0.516471758389035 
0.19899350717943293 0.5602066275437946 
0.026954689639807346 0.8156275490293217 
0.8264863747391771 -0.5201698291610326 
0.20399677941923508 0.5227928749271247 
0.4255609440576551 0.042409575793726485 
0.051033646307404146 0.7230869843057532 
0.4380998618144541 -0.06973003099984161 
0.04269778264683799 0.7529350874090491 
0.002896144472883385 0.9459253743487867 
0.8291485745706526 -0.5680543928075942 
0.21282109085918874 0.45525231971267055 
0.22573732279800332 0.36160714436830427 
0.18341911112128417 0.6630065932897516 
0.8325945346150546 -0.6236585815999326 
0.4185036686889516 0.12328874615891221 
0.015351334073919864 0.8689795964138081 
0.8262719906571261 -0.516132504856895 
0.6250310848474212 -0.23298418608602428 
0.6221062126676313 -0.185745685742064 
0.6275894328222451 -0.2705707488847954 
0.07577903820026022 0.6724636626005359 
0.04675676547212093 0.7372525985515068 
0.018886253595606167 0.8520131118193143 
0.6361222755853968 -0.3741895669197182 
0.8356134782110787 -0.6658286281004949 
0.6229029453411787 -0.19974499603084464 
0.425848107006392 0.0383942936874133 
0.4145054799389014 0.17375772264171355 
0.43999536682732365 -0.08176213138178896 
0.4353934587570579 -0.05019552989403498 
0.02299574374406055 0.8331514726741576 
0.19009844705929144 0.6221814029854277 
0.42882913631355773 0.008827231650732431 
0.6416022235724965 -0.42040345908880256 
0.8274363421923909 -0.5377468692668811 
0.025085793136291626 0.8238289680876044 
0.8359551434874323 -0.6701983205007718 
0.8289892709191449 -0.5653472097102875 
0.41820822455687023 0.12691757373053994 
0.05958177454913739 0.6990035701193269 
0.19651063383505318 0.5782035082702234 
0.20361336070592972 0.5257006444935075 
0.2370005903627421 0.2956628022958573 
0.8413807931055303 -0.7279910554591335 
0.1984651404578696 0.5640718241478495 
0.4332739142892695 -0.03305662095030742 
0.42258002724673915 0.07468766672329526 
0.8272730653165112 -0.5347625470608344 
0.043446030804624294 0.7490345398150647 
0.233340374388673 0.31484232678737484 
0.6205934300276968 -0.16184943931567716 
0.0225455649949583 0.8351814952220769 
0.6390607155092485 -0.4011031563690939 
0.4155518065326545 0.160320680094622 
0.053914693841354444 0.71429714483191 
0.2137447237236782 0.44822052348726776 
0.2472998474474163 0.25629685667718466 
0.18876128316413654 0.6308127747839363 
0.8258439229897278 -0.5079946567691485 
0.4221982854468094 0.07909159214804586 
0.21967552396438797 0.4040011079398022 
0.19802256262325824 0.567296588602354 
0.21777856370213555 0.41792287758053537 
0.42838268915796773 0.01215700573513759 
0.6258913778216256 -0.245635681791863 
0.2089892729852556 0.48460804209972813 
0.19360437898080304 0.5986336866975666 
0.6325438101277094 -0.3351128593125344 
0.4386085778429547 -0.0730955338245275 
0.017176832228885303 0.860113868729996 
0.2341158828969479 0.3105783577985086 
2.3364146197563107E-4 0.9847129502914332 
0.23464464830768808 0.3077309903865987 
0.20807223963379562 0.49164793151454295 
0.07432407751998343 0.6737165816611489 
0.19550641608701463 0.5853470049451517 
0.8395048904775777 -0.7105300500046225 
0.19993217074340403 0.5532882856628728 
0.047510806415981544 0.7346646534054224 
0.21087667506406554 0.47012438606499196 
0.626047195770316 -0.2482242906526519 
0.6491956862474433 -0.45471524780710765 
0.23384431785276596 0.3120595753673357 
0.18518481344380053 0.6527816741600184 
0.8238328122720897 -0.46844267185365973 
0.8404335582598499 -0.7195145852051908 
0.6294043515737585 -0.29553711014277967 
0.6484454340277453 -0.45293336047658195 
0.19503583563121046 0.5886648201177965 
0.4152908008857795 0.16365875131038246 
0.00100404891014114 0.968281603701931 
0.05468563643487566 0.712056181606135 
0.6285663701440285 -0.2836956916350262 
0.8367062580709459 -0.6795083857595934 
0.42129326140942686 0.08965940065156859 
0.0019660623955658207 0.9555383398905376 
0.2192736642908997 0.4069286315085377 
0.21341592668128012 0.45072071346353076 
0.051933866958500836 0.7202719192792592 
0.22651946169198536 0.35642537729543877 
0.8323744690212588 -0.6203408159725102 
0.43950918100513625 -0.07880912482948811 
0.032605967160755714 0.7915711425440088 
0.8417879566914166 -0.7314190363912798 
0.18383469437572025 0.660638968240331 
0.24271977612505097 0.27093501111018187 
0.8479962893366061 -0.7671838832452886 
0.20577802593023783 0.5092239231949214 
0.8295309989527787 -0.5746338708553438 
0.6264787867037293 -0.2545862279965509 
0.006985369218619336 0.9149010578380656 
1.8709004927233504E-5 0.9956747323806271 
0.2033272523214917 0.5278669140025574 
0.8331239740053271 -0.6315073690748357 
6.32029862440783E-4 0.9748472472729811 
0.031059608803106042 0.7980412614453141 
0.012304541496665766 0.884435312417839 
0.1829499463236266 0.6656501222140163 
0.6247093000514721 -0.22806588373283132 
0.839789293232719 -0.7133519419966777 
0.0024896754722385957 0.9499088203171737 
0.4447860902798401 -0.10575538230020944 
0.41158464466632977 0.21194324268809805 
0.6193034003970269 -0.1399247746858183 
0.42148702274956906 0.08738217612926746 
0.8268957976038853 -0.5278083500408008 
0.831584773563307 -0.608170835750882 
0.010973020066711359 0.8915396552130086 
0.640594427237632 -0.4132031900765396 
0.4462177205254907 -0.11106662886144952 
0.42691301237628543 0.02715484440702007 
0.014533262803969077 0.8730386311741678 
0.832989424076531 -0.629530620033403 
0.036225912288798845 0.7767821116887331 
0.44183368256526734 -0.09207841376968273 
0.6419431398203883 -0.4227026898168013 
0.24122291656043518 0.2767450399715367 
0.6338577033040006 -0.3502349115621555 
0.2417035786698377 0.27482630322401785 
0.4271813686684869 0.024370957247847644 
0.012719272608852028 0.8822720962353993 
0.2156181219005094 0.4340524287408444 
0.845996671697652 -0.7590954128060396 
0.4104895532003505 0.22646816233117745 
0.24345469410997927 0.2682631539225282 
0.8385667677631098 -0.7007824416146314 
0.010496215422360122 0.8941502345642885 
0.8406450667936051 -0.721343758438054 
0.04478939878117866 0.7441742979228176 
0.18823953089723042 0.634110799720764 
0.420131179558282 0.10347957474926081 
0.8452799092575851 -0.7553946569434066 
0.4418180072513198 -0.09029891054666712 
0.19945782295933312 0.5567902028890358 
1.4332881876781773E-4 0.9880273580502819 
0.015996441250929472 0.8658181845046882 
0.04086584041312341 0.7586521807730726 
0.20302967397455962 0.5301166546557746 
0.2535362412005098 0.24450530466846176 
0.05714331887030889 0.7052428802616773 
0.8437384228813071 -0.7456074186613663 
0.8352548969890528 -0.6611530251340776 
0.0534331111766789 0.715721593747195 
0.6366395292300964 -0.379274984452341 
0.005873647535876714 0.9222825736003747 
0.8313377513009039 -0.6042799615217711 
0.629712458339454 -0.29961831169317915 
0.07936292171952891 0.6703617742928131 
0.8304401221267954 -0.5898097751636524 
0.6188488672647448 -0.13208003426275594 
0.4106736080623128 0.22402036909640974 
0.41504713125121917 0.16678367380004944 
0.2290464405124622 0.34022521783207016 
0.6330021408567004 -0.34048751650223397 
0.18719412332343735 0.6406352949191105 
0.07663490990981325 0.6718343336329736 
0.2502531154729768 0.2495019744403855 
0.04955211815518483 0.7278497519488453 
0.006256081768768185 0.9196829495894074 
0.008784372643776893 0.9038814536123415 
0.6386948985985965 -0.39801834389333474 
0.8421459260425191 -0.7343250038547056 
0.040430622742932895 0.7603090210650173 
0.8471583405360996 -0.7641968181028339 
0.18629917329272716 0.6461106274309059 
0.04861603697015065 0.7309394607157119 
0.23606375951441466 0.3003382929050912 
0.21127428407296073 0.46707781376345414 
0.04172662824587357 0.7554039321394509 
0.8288117335560815 -0.5622647792656335 
0.8369132679123346 -0.6820010246653028 
0.6450804603743027 -0.4405605056606777 
0.6252923710130185 -0.23694525342726785 
0.8260105187757594 -0.5111737734611286 
0.0016960314928563675 0.958726853278706 
0.43138750567965506 -0.01651472738803063 
0.6230526464615205 -0.2021315714226588 
0.843396460941995 -0.743678553458848 
0.4423379852872758 -0.09466994218274612 
0.8297868679225486 -0.5789572753178126 
0.6253239203110288 -0.23742170936086684 
0.8317855933344006 -0.6113045950183973 
0.6278247778578996 -0.2738909791411859 
0.4176536099769028 0.1337995749958341 
0.06633939068474326 0.6846460627347266 
0.41429624868565296 0.17646158679310084 
0.6288471999072601 -0.28802877363729873 
0.4411237971703289 -0.08824496618759212 
0.19870639763960168 0.5623081912120713 
0.02824390918399737 0.8101107158182647 
0.6346435274935438 -0.358845955567533 
0.823943632198255 -0.4706771311943736 
0.4190834404353263 0.11616582778410928 
0.6255845698941912 -0.24134284938451778 
0.026086006923821774 0.8194243091429718 
0.6222969240158904 -0.1899803856203688 
0.031427488791344604 0.796494051763066 
0.8439909233888747 -0.7476859168479959 
0.6185003103346994 -0.12602372880634816 
0.8346775606995394 -0.6534334421454562 
0.8345129596268438 -0.6511895909985773 
0.039217132202270466 0.7649802480381392 
0.8309754602899222 -0.5985019171869789 
0.2118632405268563 0.462568948156905 
0.6412115399554096 -0.41768351013336286 
0.038529688462707296 0.7676551412177258 
0.20137124391652167 0.5429461430980007 
0.07763972815256237 0.6711976138819518 
0.633580831616414 -0.3471215619575799 
0.4261533947028062 0.035141083502661034 
0.2496340249258129 0.25074858451800736 
0.057755427803313435 0.703626768689534 
0.4118871955827922 0.20794814624189825 
0.8257186561981891 -0.5055941735438886 
0.4439547806678523 -0.10227172971405564 
0.6348445778576132 -0.36100786780238303 
0.22737220705329875 0.3508634320774737 
0.8296446812747238 -0.5765597661897606 
0.02956992023705396 0.804355382968427 
0.4100744974467816 0.23199700054911013 
0.2524096220938623 0.24590941459026386 
0.8409118378465316 -0.7238801882152234 
0.2467330156116545 0.2578431163346343 
0.06260170467530775 0.6920370913217302 
0.4162955003849277 0.15086053308997116 
0.4305194060797931 -0.008519963156353843 
0.410825495801435 0.22200228675989528 
0.4467151264354939 -0.11270605589393161 
0.8283409337990922 -0.5539986364476287 
0.6351906494834626 -0.3646645138398968 
0.8277935010514659 -0.544220947030165 
0.4178505634999411 0.1313496154781273 
0.06481430719067238 0.6874928140548873 
0.1917582045571868 0.6111957638039527 
0.04996326298717163 0.7265121340966489 
0.005365940319905671 0.9258471344579315 
0.4194017568327477 0.11228963037087779 
0.6308367308436267 -0.31417951477987416 
0.22678737831027565 0.354667884198729 
0.6209547620864524 -0.16755238004141582 
0.8466865408413538 -0.7622586213212877 
0.624281835580436 -0.22147794972918325 
0.8387898095816071 -0.7031624824571545 
0.8389390465438266 -0.7047318808942329 
0.07051681336387222 0.6780811377546856 
0.8255246124416904 -0.5018588173110333 
0.21592164859554494 0.431771313043303 
0.24081343780767017 0.2784188637653496 
0.18415240372632075 0.6588126218488721 
0.01975423027215356 0.847962751670601 
0.23253617460265424 0.31937231854095005 
0.22122840539270247 0.39280749063696424 
0.6372381637182097 -0.384977432734659 
0.4103244363629367 0.22866623102985903 
0.6234121224539263 -0.20785410625845502 
0.8270850724941379 -0.5313074528953874 
0.8306303230611206 -0.5923427423418776 
0.01381114237466341 0.8766729324909214 
0.6302158784644551 -0.3062172585450923 
0.637814776997062 -0.39028195494877993 
0.6195343475302223 -0.14388728327260428 
0.6290342592002762 -0.2905660353947175 
0.22808204378972352 0.3463062948281055 
0.8250326004178592 -0.49229638029544237 
0.6304617855009426 -0.30939277692270706 
0.8424377752084962 -0.7366192313796893 
0.06566431849254323 0.6858770226617534 
0.2086160988523038 0.4874731601938691 
0.4172938959561916 0.13828999841602546 
0.4116488708986432 0.2110973750977263 
0.6272483272115145 -0.26570706239770736 
0.628308175959347 -0.2806334290368621 
0.4263899988842462 0.032636821419943604 
0.6306657535157797 -0.312005026902504 
0.8287292039464759 -0.5608253900030262 
0.007856591076070119 0.9094430371594435 
0.020663475404342435 0.8437605733607406 
0.43087645188763113 -0.011838249081665928 
0.6392967312644827 -0.40305490739785144 
0.24587126516794797 0.26034012546431695 
0.8463532174785505 -0.7607794137385344 
0.42451155694142595 0.052920797038541204 
0.6207969244271521 -0.16526030409013923 
0.2286246046223886 0.3428691503515966 
0.41577410054086184 0.1574845497843161 
0.22148757986632606 0.3909593044792682 
0.4302969959131555 -0.006432531857267964 
0.23097660889059304 0.32845893099627366 
0.4407835306690057 -0.0863508638339046 
0.4137500588899374 0.18354479225402018 
0.41927267138348095 0.11385927394739816 
0.2382661778472874 0.28961485379499263 
0.6474062398808349 -0.4498736684452198 
0.4325696064169023 -0.02613238175462979 
0.8243238693647323 -0.47829605193813945 
0.6446895322842625 -0.4386639870530778 
0.6204652908453672 -0.15965582989698401 
0.20761649599288737 0.4951666733067726 
0.027629669138213547 0.8126959693075752 
0.18960495422030807 0.6253880385130891 
0.05508045437301179 0.710927375752538 
0.24212147801200817 0.27319871849235866 
0.192635260532506 0.6052711150675604 
0.45283968824348425 -0.12397252307968458 
0.19955365555389626 0.5560838258837125 
0.8266091253144521 -0.522469895375003 
0.43355467209010773 -0.03541633116063391 
0.18592398925036577 0.6502342882026794 
0.8337476491300878 -0.6405092364185762 
0.22239819965580454 0.38451437375438796 
0.8307986836464297 -0.5956518884247446 
0.6368985682783146 -0.3817620178527087 
0.831958671953141 -0.6139842431567084 
0.020118065903114334 0.8462764424267322 
8.917484006768089E-4 0.970978504577944 
0.4435343149839146 -0.1003984152488426 
0.8391669754735583 -0.7070969005979952 
0.619423591043621 -0.14198883452127842 
0.8372495684692759 -0.6859864798151345 
0.625684876435185 -0.2428445811241451 
0.004577198300722882 0.9316890845152883 
0.07846782530365967 0.6707600388031638 
0.20677412244121995 0.5016024829599808 
0.6312631448572559 -0.3195416077595907 
0.42403278609528083 0.05823335727617371 
0.4293407807359592 0.0027154899094986797 
0.21010919999247532 0.47601084307626845 
0.23015963790381377 0.3333712541102326 
0.4319696787466354 -0.02173628355967095 
0.4265186289530645 0.03128168037287274 
0.19335896570670977 0.6003232620463445 
7.686804435807684E-4 0.9722563521932096 
0.025607550623610864 0.8215268432556374 
0.8314724942773338 -0.606407237064928 
0.25134994356776963 0.24767637323064612 
0.19144381413380768 0.6132999890947326 
0.6403081488502602 -0.41104874051429635 
0.22442207195026012 0.3704847660852119 
0.1956861981343983 0.5840743700859738 
0.6215635050956616 -0.17798801497341563 
0.2480533168086032 0.25436090618275586 
0.428929257975628 0.00673769086959112 
0.6350243704915044 -0.3629155799347844 
0.6217379470343137 -0.18050713954497424 
0.4232037193835899 0.06756343575413844 
0.8234720093754962 -0.4611247552029515 
0.8333276962847574 -0.6344399012313748 
0.6357716403200427 -0.3706594617820892 
0.18470575057516792 0.6555983241008451 
0.039350821053030144 0.76446049652663 
0.8431377094402696 -0.7418454490725287 
0.21034118634710053 0.4742308568095539 
0.6422253838293835 -0.4245536319587639 
0.19598477754545193 0.5819547093716938 
0.005165972428129384 0.9276998891656946 
0.2463058662040013 0.2590588623811591 
0.4507976351297737 -0.12207076096100646 
0.8267074362501817 -0.5241978267996116 
0.6454292930568073 -0.44217282394452895 
0.418925771257273 0.11809266723333334 
0.6314335068405986 -0.3216593496987787 
0.427690236526028 0.01915782032380277 
0.04802346238320174 0.7329267257922631 
0.2349167554069887 0.30628514753777736 
0.2189986240904161 0.4089423298021835 
0.6344198300342264 -0.35643373599738043 
0.6225261922123524 -0.19369108992682685 
0.2315752799039021 0.32492484058189774 
0.2161981851877061 0.429697005979426 
0.05664902569559494 0.7065718145473275 
0.017894897392292948 0.8566895646755878 
0.0013830952958607534 0.9627500624369256 
0.19227114991572675 0.6077404404813669 
0.4227731956974629 0.07247182671265352 
0.43500047207532894 -0.04713684321303402 
0.6214824469741691 -0.17665119181216457 
0.41278456866865915 0.1961480450014894 
0.003963503271093183 0.9365513902934579 
0.4171255858317172 0.14039831029238833 
0.2221132180178093 0.3865230902578124 
0.833537191671113 -0.6375012930324603 
0.6444354320463093 -0.43738002108635987 
0.6380352651867047 -0.3922611312177782 
0.4251359223830172 0.04607820651055795 
0.42495317506220553 0.0480708623205173 
0.19730993780577488 0.5724594956853981 
0.8360516233818958 -0.6714152357435049 
0.41342426960949286 0.18778613947268316 
0.4337028577714478 -0.03665094720415936 
0.06306592751750106 0.6910437773738917 
0.8249347894257719 -0.49037995597201245 
0.2122902752895346 0.4607576449476053 
0.4112858090537005 0.21589763250593166 
0.0036124318932327787 0.9394874024376808 
0.6226854511111185 -0.19625780882406235 
0.22172537154810046 0.38926891243797374 
0.8252725947713706 -0.4969770059229253 
0.8256151947382473 -0.5036050825458147 
0.024607613132549055 0.8259474655237791 
0.8392974860634851 -0.7084331734812478 
0.21724486698718148 0.4218828374355053 
0.630010719039614 -0.30354619678873074 
0.25091261163063855 0.2482787297465117 
0.44769723029205893 -0.11562801499572825 
0.20159625309390128 0.5409287316404223 
0.42201427741640374 0.08122590049295877 
0.2450192876097887 0.2636414682336997 
0.045796351712037234 0.7406015962103809 
0.06397779038836648 0.6891538700008051 
0.06193114432256214 0.6935090085162975 
0.83650649842378 -0.6770723164362471 
4.752004833225021E-5 0.9931380677051042 
0.4514671766063959 -0.12290075363299376 
0.43567085538035316 -0.0523212741944773 
0.2046617298224791 0.5177382509082323 
0.6356995241769571 -0.36797226598395333 
0.43071896647815466 -0.01037978048865224 
0.08092966539712827 0.6698816358035152 
0.6240560138481571 -0.21796776666120316 
0.4186812729695272 0.1210894749111426 
0.42481489800067024 0.04958489023957677 
0.6427752321787887 -0.42802202297094777 
0.23180345932085347 0.3235927888232644 
0.22494409675790458 0.36845580838808834 
0.18662491955436214 0.6441296659549482 
0.021110645967782254 0.8417082009107882 
0.831183815436223 -0.601818464525492 
0.40987177868625035 0.23470162055233168 
0.20647386463195644 0.5039017909142562 
0.009114745704728117 0.9019543552580634 
0.03839863052198425 0.7681738193310815 
0.6236333367361414 -0.21079681196733274 
0.6270635508721233 -0.26306768950946435 
0.8268155460261826 -0.526318586700367 
0.20067955316214747 0.5477433448418684 
0.21244104113213194 0.45815274465344286 
0.4216953719305804 0.08494231467617624 
0.6363226600780161 -0.3761770386290016 
0.04132681549748035 0.7569078559660146 
0.41674004114783414 0.14524453877543228 
5.133344313187349E-4 0.9773348789296842 
0.22924223524465773 0.33900701999691213 
0.6274515852909902 -0.2679610492325054 
0.2521013441180183 0.2463508470054317 
0.41655800608029536 0.14754063987226385 
0.4329466330757017 -0.03027214625745104 
0.4246423254788535 0.05147959019329138 
0.6315577799805148 -0.3231952740454828 
0.6341317246292267 -0.3532772025582561 
0.6408877733819778 -0.4153609215030608 
0.22413815564018888 0.3724272362696472 
0.18269257175214995 0.6670869627235911 
0.41211604545162883 0.2049321142151338 
0.619666611568702 -0.1461492169502885 
0.8275941418975176 -0.5406164063194042 
0.8350016871162125 -0.657759245245628 
0.42054483935562514 0.09852859695136013 
0.4520770836390654 -0.12348172601481656 
0.20599657612226446 0.5077141009678637 
0.835112558544407 -0.6592716784193192 
0.8253953549403924 -0.4993592637764848 
0.2352231380132096 0.30467312409055525 
0.4094745590514055 0.2400088223681977 
0.63761491385573 -0.3884643449986418 
0.023544379849793545 0.8306882937552075 
0.42748751639426447 0.021219555417372186 
0.41277030867785114 0.19741675047670867 
0.4260047690930461 0.03672197392047069 
0.4210704252465824 0.09228808887226915 
0.6224408778716203 -0.1923124158297006 
0.4317352060676555 -0.019654683117366074 
0.23984851690188153 0.2825024922169265 
0.03994634680416495 0.7621638054671834 
0.19694474019641578 0.5750899340541377 
0.6395081591752728 -0.4047749242704399 
0.4163551184558323 0.15010564707066987 
0.6245098981844198 -0.22500325394786078 
0.8354562286933538 -0.6637895292494768 
0.43161678314055985 -0.01859093432198884 
0.6309884637149343 -0.3160975493581206 
0.8401222248232856 -0.71657649923021 
3.096600812514255E-4 0.9823998264251095 
0.8491852518513014 -0.7704163799114064 
0.6323498039389571 -0.3328060799712436 
0.4101851993397339 0.2305212020454373 
0.8272098972775769 -0.5318352301720224 
0.44298580165685586 -0.09784579374287156 
0.037373518140133954 0.7722062330259986 
0.19083114050023575 0.6173694832849784 
0.030659798715814535 0.8004949366667715 
0.8383272498396694 -0.6981906036708634 
0.2114788144258145 0.4655109846196175 
0.20098921767821334 0.5454366151434223 
0.20822485090436002 0.4904770816830589 
0.22097909583409647 0.3945909147704663 
0.2552590213851571 0.2429852700564307 
0.08238519868284722 0.669672590662124 
0.41314261324035073 0.19146245093939743 
0.409803749065146 0.23774397380257958 
0.8245984138011487 -0.48375069093680273 
0.013046571828386838 0.8805794777099498 
0.8280038500438052 -0.547998933226557 
0.8321242457620353 -0.6165292056927568 
0.00652093941457246 0.9179211022707995 
0.8448523037606273 -0.7529853498868306 
0.22770367842609926 0.34872699214173125 
0.011955017009933386 0.8862757769376558 
0.19443907278764294 0.5928454241209539 
0.008318828681892598 0.9066429775158233 
0.00800704579454893 0.908524914442263 
0.6365188014722967 -0.3773441008683802 
0.8261649958529849 -0.5141079693739297 
0.052881197226564106 0.7173763930742819 
0.831113644172904 -0.6007157648356307 
0.08057679977920909 0.6699668010427559 
0.22362378720584158 0.3759675458445333 
0.00847175488663517 0.9057296475538779 
0.19122730189527085 0.6147426127160357 
0.00430697031081434 0.9337916275626819 
0.6401393398319128 -0.4097558657493848 
0.0378620034830654 0.7702759474121699 
0.6513450901626188 -0.4578231644159527 
0.23059091884966618 0.33076532330943126 
0.44327931304505286 -0.0992278070889556 
0.6337063024744757 -0.34853719962909346 
0.22260463857639298 0.3830642298978222 
0.20714580446201275 0.4987542905939938 
0.22025788170171468 0.39977988970774386 
0.8302637441901776 -0.5869060641299801 
0.0037917392346366596 0.9379722917978158 
0.03545831837110999 0.7798741138830001 
0.42988141651323 -0.0024910584397678714 
0.8241473747601687 -0.4747688225987887 
0.06981407751889795 0.6790569661962381 
0.020420158955622228 0.8448812025993662 
0.8419288056507536 -0.7325745043361995 
0.8327974751679071 -0.6266894294731938 
0.033839891950819316 0.7864720294323893 
0.018376302720736853 0.8544115307521913 
0.8340120081982472 -0.6442443946105029 
0.03678557840393501 0.7745433750228115 
0.024450601646505643 0.8266449014983197 
0.20436401094368428 0.5202305434017039 
0.18760066875442424 0.6381142376345071 
0.6231806106663152 -0.20418033922594553 
0.8299094783561339 -0.5810145946895453 
0.206927753459797 0.5004254546583368 
0.6441114438776907 -0.43568668426178503 
0.6322685274417255 -0.3318341068103685 
0.44034784570025326 -0.08384477047007469 
0.6341160277677698 -0.3531039821762191 
0.01936279331791714 0.8497844260129038 
0.2380050507336091 0.29083698777712585 
0.22519594415468047 0.3652370671973898 
0.011231101372791888 0.8901420901436918 
0.04630100411789888 0.7388345946137065 
0.4242925787922285 0.055343692016187815 
0.41098755578270635 0.21985100457498308 
0.0678235369011615 0.682104582714897 
0.2454010418099462 0.2617761385853999 
0.4392959455201779 -0.07748477787887088 
0.8343662191320858 -0.6491732715058017 
0.23643763366289045 0.2984524833140619 
0.009646474396883986 0.8989046975888849 
0.4278346637125142 0.01767797037977183 
0.6327864110797442 -0.3379709247697923 
0.41252857594559345 0.19950618476141802 
0.22193907291980458 0.38775419093328456 
0.2169745151772971 0.4238953127073275 
0.8281010753618034 -0.5497363427401987 
0.23735930826949583 0.29391686571193426 
0.028771493003152127 0.8077716279940642 
0.18443528460977648 0.6571932303211419 
0.19227114991572675 0.6077404404813669 
0.19694474019641578 0.5750899340541377 
0.015021842773486116 0.8706074156612 
0.1824320171844272 0.6685318499298443 
0.8362397737122024 -0.6737743932804726 
9.06463337135982E-5 0.9904789050517414 
0.44900627542991167 -0.11886678168175073 
0.022042704274097047 0.8374588222257644 
0.021267997746736128 0.8409881537841747 
0.6385761887860952 -0.3970004480030357 
0.011792735044373268 0.8871359313518524 
0.21743946421441537 0.420436937271339 
0.4122287639804856 0.2034756672561215 
0.24246056987725317 0.2719066627225797 
0.43012185500541267 -0.0047779373275648575 
0.41878504638090497 0.11981622039535358 
0.8333849102784797 -0.6353059161724973 
0.41196742129798436 0.2068899108745938 
0.6249037244993564 -0.23104356691424827 
0.06695212359930214 0.6835692134452065 
0.4346970057837842 -0.044737376511906894 
0.4111864019609877 0.21721425220866902 
0.25479798841744483 0.24331591973077613 
0.42297971105158344 0.07012002421701982 
0.0030793169050095937 0.9442109795358893 
0.004202082870095936 0.9346246626326888 
0.6298783116339859 -0.3018118871695587 
0.8380776346868565 -0.6954408238210986 
0.6384346505284552 -0.39504132908428335 
0.8327733512203991 -0.6263305953451843 
0.2564647108064184 0.24238295131010854 
0.19101714639528766 0.6161381872961583 
0.0011743453017947977 0.9656880162252025 
0.24022430921730986 0.2808888391702608 
0.8336996265692739 -0.6388337150628606 
0.2231495693669932 0.37925654917552104 
0.004893072153987543 0.9293002961285649 
0.0284304109112401 0.8092377585108147 
0.8279110384535744 -0.5463351918348528 
0.42423868512131935 0.05594178024845132 
0.6237698301589606 -0.2134917038423114 
0.834152987967036 -0.6462069561933697 
0.8322615033246911 -0.6186153868551862 
0.42083707790226477 0.09505177972820873 
0.21687205707258927 0.42465910374867616 
0.03677157962433408 0.774599209350734 
0.19780830313909484 0.5688527171413666 
0.6235453982593797 -0.2099516464047852 
0.23868022000684494 0.28770482743058334 
0.18897650351294423 0.6294304612684277 
0.2092435426317161 0.4826557948722919 
0.005938458957134601 0.9218371264203914 
0.0014375085673019178 0.9620206130297961 
0.22651946169198536 0.35642537729543877 
0.06516115972974462 0.6868246607621946 
0.6248295949828174 -0.2299112982172741 
0.2357276962944806 0.3020558889565194 
0.42952207348988025 9.596967246521359E-4 
0.8399718894027371 -0.7151310030101086 
0.6186934022579673 -0.1293830707063227 
0.18741652083402266 0.639258752269552 
0.6458051624094454 -0.44382539312668984 
0.6462662665053924 -0.4457322548862171 
0.20214225662885751 0.5368035647503783 
0.8429282561120172 -0.7403225237225316 
0.8411798204896765 -0.7262511016541819 
0.209337517941664 0.48193445471218643 
0.197658122990829 0.5699414469703736 
0.6202161473739283 -0.15549018845018842 
0.6191354667296289 -0.13703343687748287 
0.0034018433880341203 0.9413118059577935 
0.05044941505386062 0.7249461408765456 
0.8426154082532197 -0.7379825238635443 
0.8235252830927733 -0.4622093910136179 
0.04292430673014205 0.7509504094253593 
0.8446383279603464 -0.751726379586502 
0.19277793002265112 0.6042999779224714 
0.2239786198322632 0.3735221109289238 
0.4457106409642393 -0.10928563859538963 
0.4170065098958537 0.14189260218386543 
0.18679312522397648 0.6431013738424227 
0.8248407207266578 -0.4885320683498057 
0.8442654164316037 -0.7494405935172785 
0.8380776346868565 -0.6954408238210986 
0.19057473207930453 0.6190601951711802 
0.19624460347811346 0.580104082015795 
0.4129759134612758 0.19364231143833194 
0.2010815406922081 0.5447478814109876 
0.8275941418975176 -0.5406164063194042 
0.41234652144363954 0.20189909018882762 
0.03494822019522367 0.7819433822452659 
0.24366297749481353 0.26752750238071404 
0.43112626569607565 -0.014136670397258858 
0.4218281193131896 0.08339265117628245 
0.8247331440434034 -0.4864130990040236 
0.42101347332683825 0.09296157548695443 
0.045125278688472895 0.7429757432994983 
0.41805301600817135 0.1288382145683627 
0.6197404914494191 -0.14741063595036444 
0.6189897379419589 -0.13451778317956561 
0.18916133596678614 0.6282463953690157 
0.8309522888559531 -0.5961498747141023 
0.44964529074509285 -0.12017332892110352 
0.21315035890443024 0.45274259332948463 
0.002177395427624851 0.9539633981103688 
0.06130268138402889 0.6949277686946059 
0.6269224147684723 -0.2610336596541893 
0.2001786165414523 0.5514634727849869 
0.029996079225695013 0.8025410719687782 
0.22376831386832638 0.3749698307362832 
0.40981340780151615 0.23548177490885194 
0.20278175473002763 0.5319882154564084 
0.45022584150365047 -0.12120321396386347 
0.21055216689868506 0.47261247700744097 
0.049005302634924156 0.7296472094882742 
0.8455863814547082 -0.7569883350248799 
0.2320873969219391 0.3219469253514389 
0.8508556636980331 -0.7729666401762036 
0.2106668681393076 0.4717328287825288 
0.8370653656611944 -0.6838137328096022 
0.639929693977296 -0.4081271044611808 
0.6219318163804167 -0.18403340350160854 
0.6239357170422825 -0.21609000332079173 
0.4482317456106778 -0.11704142945457537 
0.2024631959268421 0.53438919978532 
0.6437557627447859 -0.4337528210776458 
0.4279806026860889 0.016199318693933377 
0.19311184080479732 0.6020186871637546 
0.2203666964752104 0.39899422345736474 
0.2395765602817761 0.28368855336522397 
0.8236801829161381 -0.4653550063028148 
0.8506136556562928 -0.7727427769659074 
0.8244265570895535 -0.4803408403002284 
0.43226044676849545 -0.024317624804375507 
0.22463113886402344 0.3690603823144985 
0.05615290377786508 0.7079268602836448 
0.24863684658445803 0.2529561300042116 
0.06359427044070184 0.6899386879704686 
0.20958620850743803 0.4800250332004672 
0.42381461346581406 0.06067272574653681 
0.017254894387855085 0.8597400093713341 
0.4151606868874902 0.16532640303541782 
0.41744279447373756 0.136428622334222 
0.025764771617780735 0.8208350877273712 
0.6301504418100012 -0.30536745058308284 
0.23301327150109594 0.31667176516936735 
0.034255244724499756 0.784768812145945 
0.01825778148375176 0.8550378364521681 
0.8383723863987784 -0.6986613987203724 
0.43908095186431556 -0.07613157956062856 
0.6317086923022917 -0.32505030988084727 
0.014186989901221747 0.8747750178496618 
0.21808630399729914 0.4156475799226137 
0.2023717249232807 0.5350777950756096 
0.05059219495496953 0.7244894722431203 
0.836421135189061 -0.6760224564603092 
0.41750651074654044 0.13563320191382683 
0.8499095528978419 -0.7718115139247302 
0.20269910111171624 0.5326123994119566 
0.6354082043939013 -0.3669303760836523 
0.8443822786502294 -0.7501690279150718 
0.2208535736649424 0.3958550379244073 
0.013532394424153299 0.8780898610354548 
0.8236200679284613 -0.4641356595892105 
0.23643763366289045 0.2984524833140619 
0.22549613926035794 0.3632199891129218 
0.41105883245035824 0.21890549011884883 
0.004856170286609007 0.9304949757634294 
0.2199727436342248 0.4018431789479554 
0.19037036963011328 0.6204210782541721 
0.8318681717745318 -0.6125855599187607 
0.6305254611679335 -0.31021039965703606 
0.23877480290854644 0.2872733514079175 
0.20734234196319257 0.4976083162023341 
0.6186975155398745 -0.12945451625706347 
0.22335281763704276 0.3778440441297115 
0.42339815539474507 0.06536064213260545 
0.0022099356126970976 0.9528368399010921 
0.6502062902405494 -0.4560724298414496 
0.8283314106268005 -0.5538300615337715 
0.04307368928214087 0.7504000103951752 
0.42364293606454384 0.06260025306531955 
0.1948680955755811 0.5898427285933505 
0.8427810583635184 -0.7392312461542393 
0.44562827201674216 -0.10898592426462743 
0.43450502791017753 -0.04320267377789194 
0.035874160077689565 0.7781959773441771 
0.19300784493647632 0.6027303522896019 
0.20747942434787175 0.49642313472828253 
0.626561687144707 -0.2557965839958367 
0.6328003026056161 -0.33813368238381897 
0.8281892935138042 -0.5513076470644847 
0.4296797348310673 -5.591544919242483E-4 
0.021639849806077763 0.8392908805901024 
0.4095665698878363 0.23877861106874848 
0.23788716513879452 0.2924239952280477 
0.0011697621314881966 0.9657552554087686 
0.6237951387162403 -0.21388877796920744 
0.2440418327520511 0.2662150249546827 
0.029996079225695013 0.8025410719687782 
0.41798442420889 0.1296883151057668 
3.565040757872418E-4 0.9811147466315403 
0.8305785905314657 -0.591431026302966 
0.8410704421238732 -0.7252908673243735 
0.2326883583735952 0.31850678091596624 
0.6203544995886852 -0.15782773459657007 
0.4311661472688177 -0.014501704422708537 
0.2124127246119764 0.45839233188426864 
0.06846355715029184 0.6810792425433085 
0.21570793809497946 0.43337696342672444 
0.22958399078504882 0.33689287844037946 
0.8244657016408385 -0.48111887150504784 
0.24908098298938453 0.25194268732018116 
0.8245592865826541 -0.482975714095666 
0.6226740560848085 -0.19607445850206162 
0.8339169674577653 -0.6428640791006545 
0.024049403023714305 0.8284311619827259 
0.42029252970673775 0.10158523675535817 
0.030659798715814535 0.8004949366667715 
0.6344581930579204 -0.3568507754774943 
0.23126941609234605 0.326723381721285 
0.21860959592481927 0.41179290527573814 
0.029233677359725735 0.8057913696496436 
0.6286735509760107 -0.2856609782820722 
0.6520607847555282 -0.4581975275183047 
0.05235207892589794 0.7189850256608272 
4.125269362055817E-4 0.9796838947114501 
0.42358925185157226 0.06320445009883022 
0.040003404979977786 0.761944683842847 
0.026528986167959567 0.8174848744751771 
0.624461123960846 -0.22352165711291302 
0.4344011081813881 -0.042366527764867115 
0.6357654123188742 -0.3705954912300282 
0.6232834359677178 -0.20581424735756576 
0.2084645911542583 0.48863629670611225 
0.6278987349269219 -0.27492916872073264 
0.22763782873345767 0.34915025398440375 
0.22953248143818172 0.33726245141712624 
0.6266784569891068 -0.2571392799685008 
0.009983703612599815 0.8970012507031052 
0.6191305490086505 -0.1369487147892704 
0.04611104304005381 0.7394978537539081 
0.4403225691727518 -0.08369706034221694 
0.44527852533011714 -0.10719766620521169 
0.8348266627074278 -0.6554495890810419 
0.8300365920373173 -0.5828409019183317 
0.44880037640387316 -0.11840732843434296 
0.4207685896014599 0.09586504386334947 
0.04783247848341131 0.7335720006021215 
0.20440853072244264 0.5196694784522708 
0.034925040554053335 0.7820365616138939 
0.4369967181641868 -0.06209512374210845 
0.4291479460997305 0.004594850301436719 
0.2183495289896133 0.4137063100004498 
0.4299934137695242 -0.0035585063561305156 
0.6200994316288848 -0.1535145321281774 
0.647936636251957 -0.45150674315911815 
0.6198355796737799 -0.14903149999063892 
0.20618122809653006 0.5061412245465821 
0.21993113218284202 0.4021448248892798 
0.4363896008215885 -0.057677384501480876 
0.0023529484683742496 0.9513190490026684 
0.6370232636121451 -0.38295316040836347 
0.1917297712724039 0.6113864859368947 
0.009438440729965997 0.9000905316876345 
0.42530127545191015 0.044282433630038 
0.4442864646918666 -0.10369663977901764 
0.434224513198589 -0.040936965620104945 
0.6424611129170297 -0.4260628879457471 
0.024049403023714305 0.8284311619827259 
0.026529165455125292 0.8174840916118997 
0.4365161261524537 -0.05862685148626017 
0.647875193509969 -0.4513392327303602 
0.6189637970493077 -0.1340693130927345 
0.4388005543058209 -0.07433979533933724 
0.6287171031546591 -0.2862562787199602 
0.22508769748402419 0.36596698188158033 
0.2354507486102657 0.3034865869272192 
0.05269570587452964 0.7179376978050904 
0.4138959079125417 0.1816498947049946 
0.43485143134037263 -0.04596246899728195 
0.21198227585668467 0.4616585491020318 
0.23913849720593822 0.2856309720382406 
0.4339563499262549 -0.038745438834104674 
0.05561810792442653 0.709411024579423 
0.42674041157185405 0.028955691416368078 
0.4341314541290415 -0.0401792874244384 
0.6434017042341604 -0.43175095971244937 
0.6273469706559098 -0.26710136980091986 
0.416624978009789 0.14669530344617254 
0.8348578379167259 -0.6558691699263605 
0.44253088040266914 -0.09563368130455799 
0.4132531022078286 0.19001927138967312 
0.24517875522905086 0.2624729486335265 
0.22988030451408836 0.3350739944550187 
0.6430767550102484 -0.4298464682166149 
0.24046573574036145 0.2798677165910375 
0.6434017042341604 -0.43175095971244937 
0.8251496309597269 -0.49458268230782837 
0.8253419789531686 -0.49832445787187035 
0.019420190736421483 0.8495168162195402 
0.05559970375192885 0.7094625307727398 
0.01610775542928583 0.8652786132430991 
0.07377754499337458 0.6742466237446859 
0.6223137121967871 -0.19025265696644056 
0.8362933752678066 -0.67444129125233 
0.6203503214752781 -0.1569710554323416 
0.6208376800952065 -0.16593109804025238 
0.24824793055001623 0.2538831884621487 
0.42266759712850355 0.07368202319723334 
0.0690263169599254 0.6802132418368187 
0.4358123446596558 -0.05339485705541931 
0.6470236246919064 -0.44857486537312374 
0.009897902255000979 0.897483387735288 
0.44093030623816953 -0.08717806467278319 
0.63761491385573 -0.3884643449986418 
0.42910450915086673 0.00501858823361813 
3.100633637706789E-5 0.994431637591376 
0.058730062837530184 0.7011221074177557 
0.41331894772027783 0.18916121414336534 
0.22849751621096734 0.34367061611318356 
0.21906192513135353 0.40847617225899746 
0.6498306584701585 -0.4559420285236185 
0.25622986236335543 0.2424704217384219 
0.07346625657299036 0.6745630935772666 
0.2320873969219391 0.3219469253514389 
0.05817981895827695 0.7025257108252027 
0.6198858636378317 -0.1498875158036455 
0.21315218049942838 0.45272871753572913 
0.8487076369687642 -0.7692615150998133 
0.03399186503281344 0.7858480591963836 
0.6319119834993685 -0.3275314768527817 
0.6320193850423944 -0.3288342251154198 
1.0540837198710126E-4 0.9897329288904073 
4.632178369617379E-4 0.9784707632352388 
0.8371394860134128 -0.6846914160847359 
0.23913849720593822 0.2856309720382406 
0.4234283801302601 0.06501903391486874 
0.2270697108181065 0.3528257285622207 
0.4483688094297168 -0.11738337229259634 
0.8251496309597269 -0.49458268230782837 
0.41359452021796733 0.18556818637759168 
0.4473753512709374 -0.11471660515302419 
0.009292876151838068 0.9009258091403258 
0.43213721728500754 -0.023228510963596766 
0.1854422651808862 0.6512553847967849 
0.027655037255046144 0.8125856785553682 
0.41300395513811516 0.19331217682436475 
0.2228032719169798 0.3816731803068044 
0.23044809748514705 0.3316251701774171 
0.011480250801906178 0.8888027516600666 
0.42212742571303885 0.07991261160694653 
0.006779117293441245 0.9162322826771648 
0.0032025980515957148 0.9430873029590097 
0.2181042106681137 0.4155153731299151 
0.41571299352451707 0.15826341174267777 
0.6292959063428842 -0.29408702850477214 
0.18599809831906716 0.6479292266653472 
0.6282439593185786 -0.27974365455740563 
0.2270697108181065 0.3528257285622207 
0.02171222093420752 0.8389612668598084 
0.4442864646918666 -0.10369663977901764 
0.19744978310341607 0.5714490519891648 
0.2096560772314342 0.4794886912583063 
0.01424421183010699 0.874487288880775 
0.6199868256891579 -0.151603879970047 
0.6463479136707838 -0.4460560324331355 
0.824056018430549 -0.47293677496069564 
