0.8518323442846248 -0.7733690122121253 
0.0 1.0000000000000002 
0.0 1.0000000000000002 
0.8518323442846248 -0.7733690122121253 
0.6525118924048328 -0.4582633256610913 
0.823333320785233 -0.45829444864585533 
0.6183971676403569 -0.12422495868722436 
0.4538832801907162 -0.1242184444352191 
0.40931474337596996 0.24214678551659752 
0.2577623417028156 0.24216108547684084 
0.18223019795771428 0.6696442760004724 
0.08300138141746638 0.6696523565510669 
0.4239027626605293 0.06533071880229561 
0.6247877336363656 -0.22407214118999014 
0.4275174537808907 0.021031244149034494 
0.8335002065963318 -0.6369695063120997 
0.6368596196958374 -0.38136902766714575 
0.6207442294007166 -0.1623192395211934 
0.4308015329050807 -0.002551234797614088 
0.8306987200766991 -0.5940226594719338 
0.18641087898497022 0.6454392449097559 
0.23743501218714116 0.2936541927289377 
0.8249027960660811 -0.48975198877810694 
0.8266826186950205 -0.5238382671359824 
0.2462917698882955 0.2592247453150645 
0.2133943967819177 0.45088530574913316 
0.004236539995228467 0.9344474506606306 
0.19055068848030277 0.6192196641568322 
0.8355897603794643 -0.6651033753829132 
0.03986887915983177 0.7626186702494252 
0.4115285670365967 0.21888776045184719 
0.014163786054772087 0.8748973852000838 
0.4132811801257343 0.19152435369143153 
0.2159030423668304 0.4319116200297119 
0.43840766186666574 -0.07126622903735379 
0.4201712170247765 0.10410479679814254 
0.010091308783475996 0.8965397848233714 
0.4444026770499552 -0.10414312274494109 
0.8460494524410171 -0.7593512922512957 
0.026887147584784568 0.8182208222593502 
0.8428380345010782 -0.739655698438432 
0.4349493628294804 -0.034474534592642346 
0.20959552781124807 0.47998291183490766 
0.6445113860907893 -0.4377683487253953 
9.165926738715358E-4 0.9697188671219568 
0.8296013433022018 -0.5758265196090033 
0.02330861321578806 0.8317601812773946 
0.19555962992140735 0.6052924654179545 
0.06843862807711368 0.6811723709236444 
0.8374166370823093 -0.6879288119480025 
0.05267291675401331 0.7181220178761565 
0.2191787088711224 0.40791017417098424 
0.4200058595846608 0.1102749543601049 
0.6280505744701674 -0.27705309431842545 
0.2208802728641046 0.3969833996595199 
0.6259835466269534 -0.23957448491067584 
0.1957555096042372 0.5835830168499726 
0.031378359894075725 0.7967126400999626 
0.4169730801145017 0.14231305281629344 
0.8405043352352779 -0.7193192993075519 
0.6408472600289018 -0.41506366021951496 
0.632074931818315 -0.32947888874677456 
0.08295224455477666 0.6697638266847968 
0.6270972700981059 -0.2635305392014869 
0.06087678709725439 0.7047758264376114 
0.04456313576036351 0.745047209267943 
0.6191590454535196 -0.13743934016021653 
0.4150883768964357 0.1690929549128545 
0.6341393444811179 -0.3533609155473596 
0.03462286172324819 0.7834463187850553 
0.20467804512382834 0.5177348229796335 
0.838915000115475 -0.7044722563628518 
0.018497190639363337 0.8560874248725872 
0.20663469504341722 0.5081457404711913 
0.19837121893556725 0.5671025207511399 
0.823658798540111 -0.4649214013837553 
0.01945500612751233 0.8494191631442396 
0.20917131469314848 0.4920360479243721 
0.23047855216879282 0.3355033214600495 
0.6299337062982592 -0.30222333072521773 
0.22701890171797096 0.354817919722555 
0.22398262852733294 0.3735598614420599 
0.4504948130447251 -0.12059375062607709 
0.8281632912175436 -0.5508260670825245 
5.814278837331013E-4 0.9758824877013343 
0.23230005444793156 0.32072324433199456 
0.25549125764159086 0.2428589915582154 
0.06140151347679207 0.6947021561401757 
0.640972560712157 -0.4159739948033663 
0.82802689712579 -0.5466004717219858 
0.049892422500236316 0.7272983339051116 
0.4375086473550629 -0.06481313641966491 
0.44562204745611766 -0.10882363600844316 
0.007240601067185076 0.9133204267210122 
0.04709691859832829 0.7363505040928832 
0.6204960171325793 -0.1602118055121235 
0.6341367323896094 -0.3475971097858658 
0.6306891730443897 -0.3123033706795774 
0.22812687546579435 0.3460207212442129 
0.24845390181916677 0.2539408363770052 
